1000
3148
0, 264
0, 747
0, 861
1, 515
1, 605
2, 192
2, 416
2, 451
3, 600
3, 747
4, 164
4, 292
4, 758
4, 779
5, 745
6, 261
6, 824
6, 940
7, 239
7, 305
7, 628
8, 499
8, 989
9, 407
9, 914
11, 263
11, 570
11, 603
13, 92
13, 466
13, 539
13, 554
13, 833
13, 935
14, 40
14, 76
14, 296
14, 440
14, 451
14, 670
15, 84
15, 381
16, 213
16, 610
16, 682
16, 919
17, 971
18, 332
18, 612
18, 681
18, 900
19, 281
19, 599
19, 642
19, 798
19, 854
20, 368
20, 993
22, 905
23, 45
24, 89
24, 125
24, 214
24, 313
24, 542
24, 678
24, 694
24, 753
25, 408
25, 894
26, 313
26, 521
26, 566
26, 772
27, 350
27, 377
27, 963
28, 931
29, 117
29, 775
29, 993
30, 772
31, 517
32, 195
32, 237
33, 114
33, 390
33, 392
33, 496
33, 750
33, 867
34, 438
34, 534
34, 537
34, 563
34, 884
34, 954
35, 405
35, 439
35, 459
35, 744
35, 786
35, 933
35, 994
36, 338
36, 353
36, 527
38, 111
38, 206
39, 420
39, 679
40, 14
40, 451
40, 991
41, 299
41, 737
42, 312
42, 558
42, 885
42, 971
43, 400
43, 771
43, 937
44, 59
44, 656
44, 667
44, 802
45, 23
45, 145
45, 297
45, 857
46, 226
46, 227
46, 408
47, 811
48, 270
48, 652
48, 789
49, 68
49, 175
50, 183
50, 449
50, 617
50, 857
51, 230
51, 884
52, 59
52, 144
52, 404
52, 657
52, 936
53, 187
54, 211
54, 292
54, 598
54, 822
54, 858
55, 422
55, 453
55, 806
55, 847
56, 120
56, 245
56, 265
56, 488
56, 638
56, 714
56, 738
56, 759
57, 184
57, 321
57, 465
57, 603
57, 865
59, 44
59, 52
59, 179
59, 344
59, 360
59, 922
60, 230
60, 636
60, 643
61, 74
61, 298
61, 304
61, 563
61, 666
61, 699
61, 714
61, 947
62, 131
62, 234
62, 964
63, 452
63, 575
63, 674
64, 277
64, 933
64, 948
65, 285
65, 290
65, 327
66, 74
66, 157
66, 712
67, 519
67, 825
67, 848
68, 49
68, 175
68, 294
68, 300
69, 287
69, 920
69, 955
70, 334
71, 194
71, 474
72, 918
73, 221
74, 61
74, 66
74, 235
74, 917
74, 947
75, 795
76, 14
76, 219
76, 252
76, 321
76, 708
76, 995
77, 205
78, 494
78, 825
78, 856
78, 997
79, 450
80, 113
80, 447
80, 882
81, 250
81, 651
81, 796
82, 625
82, 707
82, 762
83, 700
83, 712
84, 15
84, 216
84, 360
84, 377
84, 647
85, 482
85, 814
85, 841
85, 963
86, 339
87, 307
87, 311
87, 475
88, 136
88, 218
88, 935
89, 24
89, 819
90, 397
90, 574
91, 546
91, 709
92, 13
92, 284
93, 140
93, 303
93, 444
93, 507
93, 761
93, 774
94, 196
94, 260
94, 612
94, 720
94, 967
95, 154
95, 295
95, 992
96, 703
96, 807
96, 909
97, 122
98, 168
98, 321
98, 579
98, 843
98, 900
98, 962
98, 993
99, 632
99, 787
99, 865
99, 876
99, 897
99, 954
100, 645
100, 672
100, 960
101, 154
101, 241
101, 249
101, 591
102, 258
102, 388
102, 395
102, 454
102, 674
102, 676
103, 279
103, 666
103, 947
104, 132
104, 606
104, 799
104, 928
105, 751
105, 866
106, 316
106, 533
106, 536
106, 641
107, 196
107, 207
107, 991
108, 411
108, 463
108, 549
108, 888
109, 337
111, 38
111, 131
111, 739
112, 166
112, 482
112, 546
112, 778
112, 985
113, 80
113, 284
113, 693
113, 897
114, 33
115, 508
115, 523
115, 924
116, 398
116, 412
116, 486
116, 646
116, 818
116, 987
117, 29
117, 376
117, 648
117, 748
118, 576
119, 232
119, 321
119, 322
119, 807
120, 56
120, 494
120, 988
121, 249
121, 315
121, 986
122, 97
122, 274
122, 807
122, 932
123, 444
123, 612
123, 818
124, 406
124, 545
124, 818
125, 24
125, 141
125, 182
125, 963
126, 133
126, 168
126, 323
126, 625
126, 631
126, 813
126, 840
127, 739
128, 954
129, 150
129, 452
129, 457
129, 922
130, 981
131, 62
131, 111
131, 227
131, 564
131, 729
131, 868
132, 104
132, 619
133, 126
133, 484
133, 757
133, 859
133, 883
133, 892
133, 950
134, 683
134, 778
134, 851
135, 492
135, 702
136, 88
136, 161
137, 426
138, 199
138, 327
138, 362
138, 565
139, 398
139, 674
139, 692
139, 827
139, 865
140, 93
140, 152
140, 646
140, 768
140, 787
141, 125
141, 685
141, 976
142, 485
142, 929
143, 665
143, 759
143, 875
143, 893
144, 52
144, 156
144, 460
145, 45
145, 416
146, 743
147, 226
148, 452
148, 700
148, 749
149, 452
149, 459
150, 129
150, 168
150, 381
150, 392
150, 809
151, 401
151, 418
152, 140
152, 241
152, 719
153, 204
154, 95
154, 101
154, 432
154, 907
155, 627
156, 144
156, 228
156, 449
156, 450
156, 492
156, 542
156, 614
156, 997
157, 66
157, 805
158, 180
158, 274
159, 385
159, 545
159, 809
160, 187
160, 189
160, 208
160, 348
160, 829
160, 869
161, 136
161, 220
161, 230
161, 903
161, 924
162, 278
162, 306
162, 368
162, 544
162, 572
162, 628
163, 392
163, 665
163, 691
164, 4
164, 679
164, 753
164, 774
164, 905
165, 301
165, 648
166, 112
166, 903
167, 375
167, 576
168, 98
168, 126
168, 150
168, 329
169, 573
169, 830
169, 979
170, 594
170, 851
170, 863
170, 924
171, 195
171, 398
171, 430
171, 508
171, 938
172, 199
172, 332
172, 336
172, 865
173, 563
173, 606
173, 704
173, 757
174, 361
174, 528
175, 49
175, 68
175, 565
175, 927
176, 513
176, 826
176, 940
177, 243
177, 318
178, 320
179, 59
179, 182
179, 245
179, 580
180, 158
180, 344
180, 357
180, 443
180, 555
181, 287
181, 344
181, 353
181, 679
181, 793
182, 125
182, 179
182, 263
182, 555
182, 631
182, 652
183, 50
183, 212
183, 466
183, 560
183, 607
183, 939
183, 996
184, 57
184, 215
184, 225
184, 296
184, 376
185, 330
186, 629
187, 53
187, 160
187, 565
188, 384
188, 567
189, 160
189, 483
189, 793
189, 878
189, 940
190, 520
190, 885
191, 270
191, 525
191, 552
191, 873
192, 2
192, 251
192, 449
192, 992
193, 296
193, 576
193, 660
193, 970
194, 71
194, 873
195, 32
195, 171
195, 644
195, 652
195, 952
196, 94
196, 107
196, 775
197, 450
197, 623
197, 686
197, 814
198, 302
198, 524
199, 138
199, 172
199, 878
200, 305
200, 310
200, 465
201, 206
201, 693
201, 982
202, 577
203, 311
203, 331
203, 703
204, 153
204, 305
204, 311
204, 858
205, 77
205, 502
205, 571
205, 609
206, 38
206, 201
206, 354
206, 435
206, 662
206, 892
206, 900
206, 916
207, 107
208, 160
208, 439
208, 656
208, 965
209, 362
209, 625
210, 681
210, 765
210, 863
211, 54
211, 531
211, 747
211, 909
212, 183
212, 631
212, 712
212, 863
213, 16
213, 480
213, 963
214, 24
214, 241
214, 311
214, 545
214, 783
215, 184
216, 84
216, 491
216, 971
217, 242
217, 397
218, 88
218, 227
218, 333
218, 935
219, 76
219, 383
219, 531
220, 161
220, 519
220, 565
220, 957
221, 73
221, 601
222, 470
222, 564
223, 405
223, 589
223, 957
224, 561
225, 184
225, 290
225, 361
225, 552
225, 653
226, 46
226, 147
226, 414
226, 489
226, 516
226, 838
226, 858
227, 46
227, 131
227, 218
227, 591
227, 821
227, 871
228, 156
228, 271
229, 416
230, 51
230, 60
230, 161
230, 390
230, 405
231, 420
231, 747
232, 119
232, 288
232, 532
233, 282
233, 313
233, 408
233, 548
234, 62
234, 280
234, 415
234, 425
234, 811
234, 878
234, 926
235, 74
235, 455
235, 484
235, 646
235, 718
236, 923
237, 32
237, 448
237, 588
237, 595
238, 377
239, 7
239, 707
240, 261
240, 720
241, 101
241, 152
241, 214
242, 217
242, 482
242, 791
243, 177
245, 56
245, 179
245, 412
245, 596
245, 764
245, 780
246, 297
246, 919
247, 250
247, 525
248, 376
248, 535
249, 101
249, 121
249, 258
249, 398
249, 535
249, 690
249, 884
250, 81
250, 247
250, 750
250, 946
251, 192
251, 266
251, 367
251, 891
252, 76
252, 610
253, 312
253, 806
254, 389
254, 516
254, 776
254, 855
255, 348
255, 522
255, 534
255, 930
256, 272
256, 847
256, 930
257, 863
258, 102
258, 249
258, 283
258, 741
258, 841
259, 970
260, 94
260, 423
260, 498
261, 6
261, 240
261, 279
261, 700
263, 11
263, 182
263, 329
263, 400
263, 413
263, 536
264, 0
265, 56
266, 251
266, 596
266, 642
266, 697
266, 817
267, 437
267, 950
267, 965
268, 276
268, 371
269, 480
270, 48
270, 191
270, 325
270, 958
271, 228
271, 398
271, 571
272, 256
272, 926
273, 291
273, 375
273, 581
273, 767
273, 813
273, 938
273, 990
274, 122
274, 158
274, 580
274, 611
275, 309
275, 885
276, 268
276, 550
276, 827
277, 64
277, 349
277, 479
277, 771
277, 862
278, 162
279, 103
279, 261
279, 381
279, 447
279, 598
279, 690
279, 827
279, 988
280, 234
281, 19
281, 400
281, 410
281, 688
281, 859
282, 233
282, 297
282, 312
282, 340
282, 606
283, 258
283, 680
283, 923
284, 92
284, 113
284, 627
284, 828
284, 932
284, 961
285, 65
285, 366
285, 748
285, 930
286, 588
286, 773
287, 69
287, 181
287, 868
288, 232
288, 633
289, 431
289, 462
290, 65
290, 225
290, 867
291, 273
291, 483
291, 897
292, 4
292, 54
292, 616
294, 68
294, 300
294, 711
295, 95
295, 469
295, 482
295, 878
296, 14
296, 184
296, 193
297, 45
297, 246
297, 282
297, 299
297, 922
298, 61
298, 476
298, 709
299, 41
299, 297
299, 302
299, 727
299, 761
299, 884
300, 68
300, 294
300, 666
301, 165
301, 475
301, 837
302, 198
302, 299
302, 660
303, 93
303, 827
304, 61
304, 322
304, 634
304, 641
304, 770
304, 784
304, 813
305, 7
305, 200
305, 204
305, 344
305, 891
306, 162
306, 677
307, 87
307, 468
307, 578
307, 604
307, 805
307, 847
308, 490
308, 967
309, 275
309, 846
310, 200
310, 366
310, 473
310, 582
310, 835
311, 87
311, 203
311, 204
311, 214
311, 423
312, 42
312, 253
312, 282
312, 318
312, 688
312, 774
312, 979
313, 24
313, 26
313, 233
314, 634
314, 891
315, 121
315, 786
315, 806
316, 106
316, 374
316, 983
317, 691
317, 795
318, 177
318, 312
318, 779
318, 798
318, 823
320, 178
320, 643
321, 57
321, 76
321, 98
321, 119
321, 328
321, 485
321, 534
321, 553
321, 654
321, 693
321, 814
321, 896
321, 934
322, 119
322, 304
322, 773
322, 901
323, 126
323, 392
323, 618
324, 401
324, 514
324, 535
325, 270
325, 377
325, 517
325, 629
326, 372
327, 65
327, 138
327, 394
327, 403
327, 549
328, 321
328, 444
328, 477
328, 651
328, 957
329, 168
329, 263
329, 844
330, 185
330, 785
331, 203
331, 435
331, 636
331, 776
332, 18
332, 172
332, 501
332, 608
332, 774
333, 218
333, 393
333, 445
333, 946
334, 70
334, 637
335, 441
335, 674
336, 172
336, 593
336, 660
337, 109
337, 352
337, 864
338, 36
338, 377
338, 592
339, 86
339, 796
340, 282
340, 425
341, 423
341, 526
341, 895
343, 543
343, 785
343, 971
344, 59
344, 180
344, 181
344, 305
344, 677
345, 890
345, 912
346, 822
348, 160
348, 255
349, 277
349, 696
349, 817
349, 833
350, 27
350, 449
350, 690
350, 715
351, 437
351, 732
352, 337
352, 998
353, 36
353, 181
353, 433
354, 206
354, 671
355, 431
355, 607
356, 662
356, 747
356, 787
356, 869
357, 180
357, 382
357, 512
357, 757
358, 466
360, 59
360, 84
360, 692
360, 746
360, 788
360, 827
361, 174
361, 225
361, 949
362, 138
362, 209
362, 603
363, 472
363, 678
364, 587
364, 663
364, 683
365, 386
366, 285
366, 310
366, 506
366, 588
366, 853
367, 251
367, 743
368, 20
368, 162
368, 391
368, 775
368, 853
368, 872
368, 968
369, 525
369, 722
369, 953
369, 973
370, 389
370, 548
370, 611
370, 812
371, 268
372, 326
372, 406
372, 507
373, 522
373, 605
373, 926
374, 316
374, 557
375, 167
375, 273
375, 495
375, 641
375, 795
376, 117
376, 184
376, 248
376, 390
376, 487
377, 27
377, 84
377, 238
377, 325
377, 338
377, 432
378, 557
378, 871
379, 876
379, 943
379, 986
380, 388
380, 651
380, 901
381, 15
381, 150
381, 279
381, 746
382, 357
382, 700
383, 219
383, 754
383, 891
384, 188
385, 159
385, 431
385, 840
385, 844
386, 365
386, 575
386, 602
387, 559
387, 626
387, 712
387, 829
388, 102
388, 380
388, 646
388, 707
388, 763
388, 768
388, 888
389, 254
389, 370
389, 703
389, 708
389, 874
390, 33
390, 230
390, 376
390, 747
391, 368
391, 712
391, 944
392, 33
392, 150
392, 163
392, 323
393, 333
393, 599
393, 620
393, 760
394, 327
394, 587
395, 102
395, 629
395, 686
397, 90
397, 217
397, 892
398, 116
398, 139
398, 171
398, 249
398, 271
398, 907
399, 472
400, 43
400, 263
400, 281
401, 151
401, 324
401, 499
401, 672
401, 888
402, 779
402, 925
403, 327
403, 714
404, 52
404, 960
405, 35
405, 223
405, 230
406, 124
406, 372
406, 553
406, 746
407, 9
407, 468
407, 616
407, 711
408, 25
408, 46
408, 233
408, 618
408, 622
408, 846
410, 281
410, 823
411, 108
411, 653
411, 694
411, 702
411, 798
411, 863
411, 956
412, 116
412, 245
412, 421
412, 648
412, 768
412, 901
413, 263
413, 455
414, 226
414, 582
414, 616
414, 885
415, 234
415, 594
415, 660
416, 2
416, 145
416, 229
417, 978
418, 151
419, 803
419, 925
420, 39
420, 231
420, 471
421, 412
421, 614
421, 979
421, 996
422, 55
422, 578
422, 730
422, 898
423, 260
423, 311
423, 341
424, 525
424, 584
424, 874
425, 234
425, 340
425, 491
426, 137
426, 513
426, 581
426, 776
426, 800
427, 463
428, 489
428, 960
429, 732
430, 171
431, 289
431, 355
431, 385
431, 454
431, 509
431, 739
431, 919
431, 978
432, 154
432, 377
432, 524
432, 935
433, 353
433, 603
433, 751
434, 825
434, 866
435, 206
435, 331
435, 961
436, 479
436, 568
436, 691
436, 914
437, 267
437, 351
437, 923
437, 948
438, 34
438, 443
439, 35
439, 208
439, 792
439, 812
439, 915
439, 919
440, 14
440, 532
440, 715
440, 892
441, 335
441, 791
441, 801
441, 847
441, 923
442, 578
442, 680
442, 918
442, 987
443, 180
443, 438
443, 454
444, 93
444, 123
444, 328
444, 449
444, 850
445, 333
445, 761
445, 912
446, 594
446, 651
447, 80
447, 279
447, 859
448, 237
448, 556
448, 915
449, 50
449, 156
449, 192
449, 350
449, 444
449, 678
449, 818
450, 79
450, 156
450, 197
450, 580
450, 582
450, 941
451, 2
451, 14
451, 40
451, 535
451, 580
451, 840
452, 63
452, 129
452, 148
452, 149
452, 751
453, 55
453, 758
454, 102
454, 431
454, 443
454, 495
454, 787
455, 235
455, 413
455, 471
455, 620
455, 756
455, 782
456, 734
457, 129
457, 761
457, 980
459, 35
459, 149
459, 510
459, 725
459, 937
460, 144
460, 825
460, 958
461, 544
461, 808
461, 812
462, 289
463, 108
463, 427
463, 502
463, 553
463, 671
464, 536
464, 559
464, 774
465, 57
465, 200
465, 667
465, 893
466, 13
466, 183
466, 358
466, 875
466, 892
466, 940
466, 951
467, 684
468, 307
468, 407
469, 295
470, 222
470, 695
471, 420
471, 455
471, 714
471, 990
472, 363
472, 399
472, 610
472, 829
473, 310
473, 932
474, 71
474, 581
474, 723
475, 87
475, 301
475, 542
476, 298
476, 507
476, 743
477, 328
477, 745
477, 766
477, 983
478, 800
479, 277
479, 436
479, 834
480, 213
480, 269
480, 586
480, 649
480, 889
480, 978
481, 610
481, 723
482, 85
482, 112
482, 242
482, 295
482, 534
483, 189
483, 291
483, 932
484, 133
484, 235
484, 579
484, 719
485, 142
485, 321
485, 570
486, 116
486, 691
486, 809
486, 818
487, 376
487, 579
488, 56
489, 226
489, 428
489, 534
489, 552
489, 589
490, 308
490, 587
491, 216
491, 425
491, 558
492, 135
492, 156
492, 784
492, 789
492, 859
493, 672
494, 78
494, 120
494, 802
494, 984
495, 375
495, 454
495, 499
495, 559
495, 677
495, 720
495, 839
496, 33
496, 616
496, 827
497, 914
497, 921
498, 260
498, 820
498, 852
498, 954
499, 8
499, 401
499, 495
499, 605
499, 793
501, 332
502, 205
502, 463
502, 845
503, 717
503, 748
505, 599
505, 892
506, 366
507, 93
507, 372
507, 476
507, 517
507, 818
507, 893
507, 919
507, 932
508, 115
508, 171
508, 531
508, 968
509, 431
510, 459
510, 728
511, 584
512, 357
512, 587
513, 176
513, 426
514, 324
514, 800
515, 1
515, 948
515, 979
516, 226
516, 254
516, 583
517, 31
517, 325
517, 507
517, 750
517, 939
518, 723
518, 745
519, 67
519, 220
519, 725
519, 806
520, 190
520, 706
521, 26
522, 255
522, 373
522, 685
522, 699
523, 115
523, 989
524, 198
524, 432
524, 638
524, 858
525, 191
525, 247
525, 369
525, 424
525, 649
526, 341
527, 36
527, 637
527, 898
528, 174
529, 640
529, 762
530, 754
530, 847
530, 931
530, 945
531, 211
531, 219
531, 508
531, 719
532, 232
532, 440
532, 636
532, 680
533, 106
534, 34
534, 255
534, 321
534, 482
534, 489
534, 718
535, 248
535, 249
535, 324
535, 451
536, 106
536, 263
536, 464
536, 705
536, 819
537, 34
537, 867
537, 983
538, 895
539, 13
540, 810
540, 923
542, 24
542, 156
542, 475
542, 811
543, 343
544, 162
544, 461
544, 742
544, 942
545, 124
545, 159
545, 214
545, 837
546, 91
546, 112
546, 648
546, 893
547, 558
547, 924
548, 233
548, 370
548, 778
548, 835
548, 970
549, 108
549, 327
549, 568
549, 682
550, 276
550, 756
551, 703
552, 191
552, 225
552, 489
553, 321
553, 406
553, 463
553, 725
553, 851
554, 13
554, 777
554, 839
555, 180
555, 182
555, 589
555, 682
556, 448
556, 799
556, 816
557, 374
557, 378
557, 576
558, 42
558, 491
558, 547
558, 933
559, 387
559, 464
559, 495
559, 812
560, 183
560, 844
560, 875
561, 224
561, 600
563, 34
563, 61
563, 173
564, 131
564, 222
564, 691
565, 138
565, 175
565, 187
565, 220
566, 26
566, 848
566, 957
567, 188
567, 607
567, 854
568, 436
568, 549
569, 711
570, 11
570, 485
570, 715
571, 205
571, 271
572, 162
572, 635
573, 169
574, 90
574, 658
575, 63
575, 386
575, 937
575, 979
576, 118
576, 167
576, 193
576, 557
576, 714
577, 202
577, 680
577, 729
577, 824
577, 954
578, 307
578, 422
578, 442
579, 98
579, 484
579, 487
579, 595
580, 179
580, 274
580, 450
580, 451
581, 273
581, 426
581, 474
581, 939
582, 310
582, 414
582, 450
582, 631
583, 516
583, 800
583, 945
584, 424
584, 511
584, 724
584, 894
586, 480
586, 679
586, 790
586, 817
586, 993
587, 364
587, 394
587, 490
587, 512
588, 237
588, 286
588, 366
588, 725
588, 735
588, 842
589, 223
589, 489
589, 555
589, 728
591, 101
591, 227
592, 338
592, 683
593, 336
594, 170
594, 415
594, 446
594, 635
595, 237
595, 579
595, 605
595, 750
596, 245
596, 266
596, 781
598, 54
598, 279
598, 794
599, 19
599, 393
599, 505
600, 3
600, 561
600, 931
600, 936
601, 221
601, 676
602, 386
602, 968
603, 11
603, 57
603, 362
603, 433
604, 307
604, 868
605, 1
605, 373
605, 499
605, 595
605, 787
605, 804
605, 872
606, 104
606, 173
606, 282
607, 183
607, 355
607, 567
607, 646
608, 332
609, 205
609, 849
609, 861
610, 16
610, 252
610, 472
610, 481
611, 274
611, 370
611, 953
612, 18
612, 94
612, 123
612, 676
612, 983
614, 156
614, 421
614, 670
616, 292
616, 407
616, 414
616, 496
617, 50
617, 919
617, 947
618, 323
618, 408
619, 132
620, 393
620, 455
620, 751
621, 677
622, 408
622, 632
622, 690
623, 197
624, 960
625, 82
625, 126
625, 209
626, 387
626, 811
626, 837
627, 155
627, 284
627, 761
627, 833
627, 976
628, 7
628, 162
628, 768
629, 186
629, 325
629, 395
629, 824
630, 989
631, 126
631, 182
631, 212
631, 582
631, 659
631, 855
632, 99
632, 622
632, 642
633, 288
634, 304
634, 314
635, 572
635, 594
635, 895
636, 60
636, 331
636, 532
636, 928
637, 334
637, 527
637, 702
638, 56
638, 524
639, 943
640, 529
640, 741
641, 106
641, 304
641, 375
641, 729
642, 19
642, 266
642, 632
642, 893
643, 60
643, 320
644, 195
644, 653
644, 869
645, 100
645, 990
646, 116
646, 140
646, 235
646, 388
646, 607
647, 84
647, 843
647, 902
648, 117
648, 165
648, 412
648, 546
648, 687
649, 480
649, 525
651, 81
651, 328
651, 380
651, 446
651, 671
652, 48
652, 182
652, 195
652, 708
653, 225
653, 411
653, 644
654, 321
654, 663
654, 995
655, 888
656, 44
656, 208
657, 52
658, 574
658, 694
658, 774
658, 819
658, 912
659, 631
659, 931
660, 193
660, 302
660, 336
660, 415
660, 904
660, 976
660, 981
662, 206
662, 356
662, 668
662, 874
663, 364
663, 654
664, 688
664, 909
665, 143
665, 163
665, 703
665, 734
665, 870
666, 61
666, 103
666, 300
666, 728
667, 44
667, 465
667, 913
667, 961
668, 662
669, 973
670, 14
670, 614
670, 849
671, 354
671, 463
671, 651
671, 876
672, 100
672, 401
672, 493
672, 722
672, 879
673, 721
673, 729
673, 902
673, 939
674, 63
674, 102
674, 139
674, 335
675, 702
675, 862
675, 898
676, 102
676, 601
676, 612
676, 822
676, 843
677, 306
677, 344
677, 495
677, 621
678, 24
678, 363
678, 449
678, 757
679, 39
679, 164
679, 181
679, 586
679, 845
680, 283
680, 442
680, 532
680, 577
681, 18
681, 210
682, 16
682, 549
682, 555
683, 134
683, 364
683, 592
683, 808
684, 467
684, 707
684, 899
685, 141
685, 522
685, 689
685, 777
686, 197
686, 395
687, 648
687, 820
688, 281
688, 312
688, 664
688, 728
689, 685
690, 249
690, 279
690, 350
690, 622
690, 797
690, 993
691, 163
691, 317
691, 436
691, 486
691, 564
691, 857
692, 139
692, 360
692, 845
692, 972
693, 113
693, 201
693, 321
693, 824
694, 24
694, 411
694, 658
694, 717
695, 470
695, 837
695, 930
696, 349
696, 948
697, 266
697, 805
698, 746
699, 61
699, 522
700, 83
700, 148
700, 261
700, 382
701, 978
702, 135
702, 411
702, 637
702, 675
702, 908
703, 96
703, 203
703, 389
703, 551
703, 665
703, 791
703, 805
703, 865
704, 173
705, 536
705, 774
705, 891
706, 520
706, 763
706, 947
706, 964
707, 82
707, 239
707, 388
707, 684
708, 76
708, 389
708, 652
708, 812
708, 863
708, 865
709, 91
709, 298
711, 294
711, 407
711, 569
711, 761
712, 66
712, 83
712, 212
712, 387
712, 391
712, 971
713, 727
713, 806
714, 56
714, 61
714, 403
714, 471
714, 576
714, 784
714, 829
714, 873
714, 938
715, 350
715, 440
715, 570
716, 863
716, 919
717, 503
717, 694
718, 235
718, 534
719, 152
719, 484
719, 531
719, 730
720, 94
720, 240
720, 495
721, 673
722, 369
722, 672
723, 474
723, 481
723, 518
724, 584
725, 459
725, 519
725, 553
725, 588
725, 787
725, 941
727, 299
727, 713
727, 851
728, 510
728, 589
728, 666
728, 688
729, 131
729, 577
729, 641
729, 673
729, 831
730, 422
730, 719
731, 760
731, 795
732, 351
732, 429
733, 744
733, 809
733, 908
733, 925
734, 456
734, 665
735, 588
735, 747
735, 874
736, 808
737, 41
738, 56
739, 111
739, 127
739, 431
741, 258
741, 640
741, 825
742, 544
743, 146
743, 367
743, 476
744, 35
744, 733
744, 815
744, 998
745, 5
745, 477
745, 518
746, 360
746, 381
746, 406
746, 698
747, 0
747, 3
747, 211
747, 231
747, 356
747, 390
747, 735
747, 944
748, 117
748, 285
748, 503
749, 148
749, 818
750, 33
750, 250
750, 517
750, 595
750, 918
750, 925
751, 105
751, 433
751, 452
751, 620
751, 816
753, 24
753, 164
754, 383
754, 530
755, 955
756, 455
756, 550
756, 873
757, 133
757, 173
757, 357
757, 678
758, 4
758, 453
759, 56
759, 143
760, 393
760, 731
760, 764
760, 820
760, 938
761, 93
761, 299
761, 445
761, 457
761, 627
761, 711
762, 82
762, 529
763, 388
763, 706
764, 245
764, 760
764, 814
765, 210
766, 477
766, 854
767, 273
768, 140
768, 388
768, 412
768, 628
768, 939
769, 846
769, 925
770, 304
770, 872
771, 43
771, 277
772, 26
772, 30
773, 286
773, 322
773, 997
774, 93
774, 164
774, 312
774, 332
774, 464
774, 658
774, 705
774, 777
774, 842
774, 939
775, 29
775, 196
775, 368
775, 863
775, 990
776, 254
776, 331
776, 426
776, 893
777, 554
777, 685
777, 774
778, 112
778, 134
778, 548
778, 861
778, 872
779, 4
779, 318
779, 402
780, 245
780, 806
781, 596
782, 455
782, 809
783, 214
784, 304
784, 492
784, 714
785, 330
785, 343
785, 870
786, 35
786, 315
786, 904
787, 99
787, 140
787, 356
787, 454
787, 605
787, 725
788, 360
789, 48
789, 492
790, 586
790, 821
790, 874
791, 242
791, 441
791, 703
791, 938
791, 992
792, 439
793, 181
793, 189
793, 499
793, 983
794, 598
795, 75
795, 317
795, 375
795, 731
795, 831
796, 81
796, 339
797, 690
798, 19
798, 318
798, 411
799, 104
799, 556
800, 426
800, 478
800, 514
800, 583
801, 441
802, 44
802, 494
802, 893
803, 419
803, 958
804, 605
804, 845
805, 157
805, 307
805, 697
805, 703
805, 849
806, 55
806, 253
806, 315
806, 519
806, 713
806, 780
806, 832
807, 96
807, 119
807, 122
808, 461
808, 683
808, 736
809, 150
809, 159
809, 486
809, 733
809, 782
809, 868
809, 880
809, 982
810, 540
810, 822
811, 47
811, 234
811, 542
811, 626
812, 370
812, 439
812, 461
812, 559
812, 708
813, 126
813, 273
813, 304
813, 918
814, 85
814, 197
814, 321
814, 764
815, 744
815, 842
815, 968
816, 556
816, 751
817, 266
817, 349
817, 586
817, 872
818, 116
818, 123
818, 124
818, 449
818, 486
818, 507
818, 749
819, 89
819, 536
819, 658
819, 982
820, 498
820, 687
820, 760
820, 971
821, 227
821, 790
822, 54
822, 346
822, 676
822, 810
823, 318
823, 410
823, 949
824, 6
824, 577
824, 629
824, 693
825, 67
825, 78
825, 434
825, 460
825, 741
825, 992
826, 176
827, 139
827, 276
827, 279
827, 303
827, 360
827, 496
828, 284
829, 160
829, 387
829, 472
829, 714
829, 883
830, 169
831, 729
831, 795
831, 874
831, 970
832, 806
833, 13
833, 349
833, 627
834, 479
835, 310
835, 548
837, 301
837, 545
837, 626
837, 695
838, 226
838, 986
839, 495
839, 554
839, 875
840, 126
840, 385
840, 451
841, 85
841, 258
842, 588
842, 774
842, 815
842, 936
843, 98
843, 647
843, 676
844, 329
844, 385
844, 560
844, 901
845, 502
845, 679
845, 692
845, 804
845, 891
846, 309
846, 408
846, 769
846, 972
847, 55
847, 256
847, 307
847, 441
847, 530
848, 67
848, 566
849, 609
849, 670
849, 805
850, 444
851, 134
851, 170
851, 553
851, 727
851, 914
852, 498
853, 366
853, 368
853, 947
854, 19
854, 567
854, 766
855, 254
855, 631
856, 78
856, 939
856, 961
857, 45
857, 50
857, 691
857, 917
857, 964
858, 54
858, 204
858, 226
858, 524
859, 133
859, 281
859, 447
859, 492
860, 887
860, 929
860, 957
861, 0
861, 609
861, 778
862, 277
862, 675
862, 974
863, 170
863, 210
863, 212
863, 257
863, 411
863, 708
863, 716
863, 775
863, 903
863, 938
863, 972
864, 337
864, 898
864, 926
865, 57
865, 99
865, 139
865, 172
865, 703
865, 708
865, 901
866, 105
866, 434
867, 33
867, 290
867, 537
868, 131
868, 287
868, 604
868, 809
869, 160
869, 356
869, 644
870, 665
870, 785
871, 227
871, 378
872, 368
872, 605
872, 770
872, 778
872, 817
873, 191
873, 194
873, 714
873, 756
873, 988
874, 389
874, 424
874, 662
874, 735
874, 790
874, 831
875, 143
875, 466
875, 560
875, 839
876, 99
876, 379
876, 671
876, 925
876, 978
878, 189
878, 199
878, 234
878, 295
879, 672
880, 809
880, 987
882, 80
883, 133
883, 829
884, 34
884, 51
884, 249
884, 299
884, 935
885, 42
885, 190
885, 275
885, 414
887, 860
888, 108
888, 388
888, 401
888, 655
889, 480
889, 908
890, 345
891, 251
891, 305
891, 314
891, 383
891, 705
891, 845
891, 998
892, 133
892, 206
892, 397
892, 440
892, 466
892, 505
893, 143
893, 465
893, 507
893, 546
893, 642
893, 776
893, 802
893, 967
894, 25
894, 584
894, 895
895, 341
895, 538
895, 635
895, 894
896, 321
896, 978
897, 99
897, 113
897, 291
898, 422
898, 527
898, 675
898, 864
899, 684
900, 18
900, 98
900, 206
901, 322
901, 380
901, 412
901, 844
901, 865
902, 647
902, 673
903, 161
903, 166
903, 863
904, 660
904, 786
904, 934
904, 971
905, 22
905, 164
906, 953
907, 154
907, 398
908, 702
908, 733
908, 889
909, 96
909, 211
909, 664
912, 345
912, 445
912, 658
912, 960
913, 667
913, 980
914, 9
914, 436
914, 497
914, 851
915, 439
915, 448
916, 206
917, 74
917, 857
917, 932
918, 72
918, 442
918, 750
918, 813
918, 960
919, 16
919, 246
919, 431
919, 439
919, 507
919, 617
919, 716
920, 69
921, 497
922, 59
922, 129
922, 297
922, 983
923, 236
923, 283
923, 437
923, 441
923, 540
924, 115
924, 161
924, 170
924, 547
925, 402
925, 419
925, 733
925, 750
925, 769
925, 876
926, 234
926, 272
926, 373
926, 864
927, 175
928, 104
928, 636
929, 142
929, 860
930, 255
930, 256
930, 285
930, 695
931, 28
931, 530
931, 600
931, 659
932, 122
932, 284
932, 473
932, 483
932, 507
932, 917
933, 35
933, 64
933, 558
934, 321
934, 904
934, 964
935, 13
935, 88
935, 218
935, 432
935, 884
936, 52
936, 600
936, 842
937, 43
937, 459
937, 575
938, 171
938, 273
938, 714
938, 760
938, 791
938, 863
939, 183
939, 517
939, 581
939, 673
939, 768
939, 774
939, 856
940, 6
940, 176
940, 189
940, 466
941, 450
941, 725
942, 544
943, 379
943, 639
944, 391
944, 747
945, 530
945, 583
946, 250
946, 333
947, 61
947, 74
947, 103
947, 617
947, 706
947, 853
948, 64
948, 437
948, 515
948, 696
949, 361
949, 823
949, 971
950, 133
950, 267
951, 466
952, 195
953, 369
953, 611
953, 906
954, 34
954, 99
954, 128
954, 498
954, 577
955, 69
955, 755
956, 411
956, 960
957, 220
957, 223
957, 328
957, 566
957, 860
958, 270
958, 460
958, 803
960, 100
960, 404
960, 428
960, 624
960, 912
960, 918
960, 956
960, 995
961, 284
961, 435
961, 667
961, 856
962, 98
963, 27
963, 85
963, 125
963, 213
964, 62
964, 706
964, 857
964, 934
964, 996
965, 208
965, 267
967, 94
967, 308
967, 893
968, 368
968, 508
968, 602
968, 815
968, 969
969, 968
970, 193
970, 259
970, 548
970, 831
971, 17
971, 42
971, 216
971, 343
971, 712
971, 820
971, 904
971, 949
972, 692
972, 846
972, 863
973, 369
973, 669
974, 862
976, 141
976, 627
976, 660
977, 982
978, 417
978, 431
978, 480
978, 701
978, 876
978, 896
979, 169
979, 312
979, 421
979, 515
979, 575
980, 457
980, 913
980, 991
981, 130
981, 660
982, 201
982, 809
982, 819
982, 977
983, 316
983, 477
983, 537
983, 612
983, 793
983, 922
984, 494
985, 112
986, 121
986, 379
986, 838
987, 116
987, 442
987, 880
987, 992
988, 120
988, 279
988, 873
989, 8
989, 523
989, 630
990, 273
990, 471
990, 645
990, 775
991, 40
991, 107
991, 980
992, 95
992, 192
992, 791
992, 825
992, 987
992, 999
993, 20
993, 29
993, 98
993, 586
993, 690
994, 35
995, 76
995, 654
995, 960
996, 183
996, 421
996, 964
997, 78
997, 156
997, 773
998, 352
998, 744
998, 891
999, 992
