3000
8956
0, 747
0, 861
0, 1513
1, 2727
2, 2950
3, 869
4, 1376
4, 1464
4, 2191
5, 1081
5, 1787
5, 2821
6, 519
6, 1099
6, 1672
6, 2165
7, 1781
8, 33
8, 2188
8, 2233
9, 612
9, 1707
9, 2365
11, 350
11, 1851
11, 2345
12, 1517
14, 901
14, 1067
14, 1144
14, 1887
15, 416
15, 2563
16, 53
16, 1010
16, 2866
17, 144
17, 397
17, 873
17, 2229
17, 2489
17, 2997
18, 441
18, 657
18, 1025
18, 1175
18, 1251
18, 1296
19, 740
19, 1955
19, 1962
19, 2331
20, 449
20, 1179
20, 1825
21, 369
21, 2755
22, 36
22, 2054
22, 2842
23, 1517
24, 392
24, 422
24, 1194
24, 1574
25, 1047
25, 2477
26, 626
26, 771
26, 2939
27, 128
27, 1147
27, 1479
27, 1628
27, 1917
27, 2801
28, 2646
29, 2761
29, 2774
30, 196
30, 1135
30, 2767
31, 746
31, 899
31, 1157
31, 1478
31, 1540
31, 2265
31, 2343
31, 2354
32, 462
32, 1593
32, 1600
32, 1659
32, 1881
32, 2767
33, 8
33, 82
33, 162
33, 2350
33, 2353
33, 2905
34, 1184
34, 1862
35, 1077
35, 1771
35, 2210
35, 2395
35, 2804
36, 22
36, 45
36, 1425
36, 2212
36, 2286
36, 2787
37, 96
38, 387
38, 526
38, 2474
38, 2848
39, 960
39, 1001
39, 2015
40, 1430
40, 2268
41, 689
41, 854
41, 993
41, 1611
41, 2342
41, 2615
41, 2750
42, 449
42, 544
42, 1332
42, 1654
42, 2781
43, 587
43, 622
43, 825
43, 1518
43, 1794
43, 2131
43, 2747
43, 2766
44, 2260
44, 2470
45, 36
46, 653
46, 1820
46, 2461
46, 2901
47, 1445
48, 606
48, 1271
48, 1272
48, 1364
48, 1436
48, 1819
48, 2685
49, 1423
49, 2975
50, 328
50, 1461
50, 1487
50, 2310
52, 469
52, 2061
52, 2716
53, 16
53, 823
53, 964
53, 1446
53, 2474
54, 300
54, 727
54, 2830
55, 469
55, 482
55, 568
55, 1622
55, 1736
55, 2391
56, 572
56, 744
56, 1592
56, 2704
57, 1323
57, 2049
57, 2359
57, 2506
58, 794
58, 1300
58, 2041
58, 2515
59, 593
59, 2579
59, 2815
60, 1669
60, 1900
60, 2055
61, 143
61, 432
61, 1746
62, 304
62, 842
62, 1150
62, 1380
62, 1388
62, 2510
62, 2727
63, 550
63, 1577
64, 217
64, 1236
65, 529
65, 1348
66, 2667
67, 985
67, 1247
67, 2306
69, 756
69, 1538
69, 2566
69, 2633
69, 2681
70, 236
70, 1276
70, 1710
71, 415
71, 728
71, 2773
72, 2084
72, 2370
74, 170
74, 863
74, 2726
74, 2986
75, 960
75, 1045
75, 1620
75, 1703
76, 174
76, 1043
76, 2250
77, 430
78, 2055
79, 683
79, 1940
79, 2332
79, 2870
80, 980
80, 1368
81, 1900
82, 33
82, 939
82, 1358
82, 1663
82, 1692
82, 1811
82, 2931
83, 1806
83, 2951
85, 254
85, 2112
86, 562
87, 383
87, 573
87, 1035
87, 1064
87, 1289
87, 1836
88, 224
88, 600
88, 1855
88, 2324
89, 728
89, 933
89, 2216
90, 766
90, 1156
90, 1925
91, 809
91, 929
91, 1089
91, 2817
91, 2838
92, 587
92, 699
92, 1115
92, 1964
92, 2530
93, 1304
94, 561
94, 917
94, 1618
94, 2267
95, 618
95, 2529
96, 37
96, 2612
97, 2765
97, 2790
98, 2431
98, 2835
99, 894
99, 934
99, 1301
100, 556
100, 598
100, 637
100, 2399
100, 2943
101, 121
101, 141
101, 1578
101, 2379
101, 2841
101, 2956
102, 739
102, 961
102, 1162
102, 2011
102, 2836
103, 517
103, 1079
103, 1694
103, 2261
104, 1118
104, 1161
104, 1695
104, 2729
105, 642
105, 2195
106, 141
106, 1241
107, 691
108, 1267
108, 2664
108, 2880
109, 478
110, 248
110, 989
110, 2373
110, 2791
110, 2936
111, 113
111, 258
111, 485
112, 848
113, 111
113, 609
113, 2758
114, 924
114, 1395
115, 236
115, 349
115, 1781
116, 1974
116, 2791
117, 593
117, 1235
117, 2487
117, 2544
118, 423
118, 671
118, 1343
118, 1794
118, 2602
119, 1535
119, 2341
119, 2910
120, 1076
120, 1848
120, 2240
121, 101
121, 125
121, 717
121, 1585
121, 2117
121, 2176
121, 2441
122, 1165
122, 1988
122, 2135
123, 423
124, 603
124, 1523
124, 2739
125, 121
125, 864
125, 982
125, 2295
126, 408
126, 1141
126, 2170
126, 2352
126, 2371
126, 2431
126, 2711
126, 2991
127, 926
128, 27
128, 873
128, 2917
129, 148
129, 251
129, 2261
130, 1975
130, 2429
130, 2451
131, 503
131, 1451
131, 2217
132, 892
132, 2596
132, 2610
133, 2921
134, 172
135, 273
135, 1086
135, 1331
135, 2311
135, 2473
136, 1940
136, 2196
136, 2289
137, 206
137, 1004
137, 1323
137, 1794
138, 1988
139, 279
139, 1928
139, 2673
139, 2831
140, 2297
140, 2406
140, 2991
141, 101
141, 106
141, 278
141, 642
142, 1621
142, 1995
142, 2140
143, 61
143, 534
143, 1470
144, 17
144, 536
144, 1095
144, 2079
144, 2960
145, 216
145, 981
145, 2407
146, 802
146, 2811
147, 1085
147, 1853
147, 2007
148, 129
148, 2155
148, 2501
149, 859
149, 1892
149, 1951
149, 2087
150, 269
150, 653
150, 1868
150, 2780
151, 818
151, 1386
151, 2092
151, 2578
152, 248
152, 969
152, 1174
152, 2035
152, 2245
153, 2879
154, 894
154, 1113
154, 1997
155, 527
155, 1100
155, 2951
156, 1520
156, 2875
156, 2954
157, 420
158, 606
158, 760
158, 2719
159, 538
159, 2052
160, 1583
160, 1590
160, 1729
161, 1200
161, 2022
162, 33
162, 377
162, 1438
162, 1443
162, 1605
162, 2801
163, 1356
163, 2115
163, 2168
164, 1782
164, 2125
165, 274
165, 417
165, 2910
166, 1046
167, 662
167, 1040
167, 2482
167, 2602
167, 2992
168, 523
168, 588
168, 657
168, 2340
169, 415
169, 1255
170, 74
170, 1263
170, 2090
171, 435
171, 632
171, 1304
171, 1356
171, 2200
172, 134
172, 520
172, 1770
173, 2268
174, 76
174, 437
174, 821
174, 2442
175, 251
175, 1297
175, 1689
176, 318
177, 1051
177, 1232
177, 1650
177, 1712
178, 759
178, 1204
178, 1736
178, 1787
178, 2076
178, 2758
180, 529
180, 2900
181, 332
181, 380
181, 672
181, 1141
181, 2005
181, 2228
181, 2911
182, 416
182, 1327
182, 1351
182, 1709
182, 2483
182, 2899
183, 534
183, 835
183, 1312
183, 1505
183, 1540
184, 586
184, 930
184, 2879
185, 717
185, 1611
186, 264
186, 949
186, 1363
186, 1907
187, 517
187, 1409
188, 253
188, 1403
188, 2118
189, 565
189, 1028
190, 425
190, 1266
190, 2672
191, 630
192, 340
192, 1885
192, 2197
192, 2678
193, 522
193, 1114
193, 2863
195, 1516
196, 30
196, 969
196, 1954
196, 2012
196, 2356
196, 2380
197, 1149
197, 1565
197, 1842
198, 2104
198, 2559
198, 2909
198, 2916
199, 2643
199, 2754
199, 2856
199, 2974
200, 672
200, 1590
200, 2792
201, 404
201, 610
201, 1120
201, 1666
201, 2911
202, 524
202, 1270
202, 1485
204, 789
205, 273
205, 2298
206, 137
206, 1132
206, 1447
206, 2786
207, 1161
208, 380
208, 1475
208, 2159
208, 2281
208, 2484
208, 2953
209, 433
209, 2318
210, 1242
211, 335
211, 1135
211, 1464
211, 1782
212, 982
212, 1312
212, 2036
212, 2239
213, 2049
213, 2660
214, 490
214, 912
214, 937
214, 1134
214, 1341
214, 2016
214, 2593
215, 264
215, 663
215, 1588
216, 145
216, 770
216, 828
216, 1351
216, 2382
216, 2885
217, 64
217, 356
217, 1143
218, 1155
219, 1408
220, 2927
221, 739
221, 1432
222, 358
222, 680
223, 587
223, 1239
223, 2173
224, 88
224, 521
224, 737
224, 1609
224, 2440
225, 875
226, 277
226, 1948
227, 1628
227, 2109
227, 2693
228, 1702
228, 2795
230, 1041
230, 2544
230, 2620
230, 2687
230, 2757
230, 2904
231, 2061
231, 2490
232, 1844
232, 2202
232, 2450
232, 2498
233, 1170
233, 1391
233, 1550
233, 1769
233, 1871
233, 1937
233, 2320
234, 309
234, 713
234, 1924
234, 2208
236, 70
236, 115
236, 2154
236, 2437
237, 1096
237, 1632
237, 2842
238, 1597
238, 1897
239, 483
239, 1102
240, 1336
240, 1834
240, 2705
240, 2716
241, 953
241, 1145
241, 1467
242, 2111
242, 2995
243, 1072
243, 1591
244, 288
245, 916
245, 2014
246, 1226
248, 110
248, 152
248, 1395
249, 1566
250, 2480
250, 2732
250, 2740
251, 129
251, 175
251, 1728
251, 1902
251, 2078
252, 1971
253, 188
253, 2401
254, 85
254, 280
255, 643
255, 918
255, 1532
256, 333
256, 548
256, 1699
256, 2028
256, 2842
257, 2182
257, 2295
257, 2726
258, 111
258, 791
258, 1039
258, 1847
259, 1223
259, 2341
259, 2577
259, 2971
260, 304
260, 355
261, 856
261, 1193
261, 2576
261, 2853
262, 935
262, 1497
262, 1702
263, 1604
263, 1910
263, 2364
263, 2805
263, 2855
264, 186
264, 215
264, 1499
265, 644
265, 1084
265, 1253
265, 2078
265, 2704
267, 607
267, 780
267, 1974
268, 1161
269, 150
269, 2015
270, 1567
270, 2336
270, 2535
270, 2754
272, 626
272, 1245
272, 2525
273, 135
273, 205
273, 1828
274, 165
274, 656
275, 1673
275, 1958
276, 968
276, 1614
276, 2474
277, 226
277, 294
278, 141
278, 1264
279, 139
279, 1917
279, 2015
280, 254
280, 1063
280, 1279
280, 1555
281, 2526
281, 2680
281, 2791
282, 1085
282, 1171
282, 2874
283, 534
283, 927
283, 1433
283, 1491
284, 687
284, 1143
284, 1537
284, 2461
284, 2779
285, 1964
285, 2396
286, 1755
286, 2292
287, 2072
288, 244
288, 524
288, 660
288, 2249
289, 656
289, 1452
289, 2373
290, 716
290, 2190
290, 2406
291, 606
291, 851
291, 1146
291, 2124
291, 2840
292, 2234
292, 2499
293, 349
293, 995
293, 1072
293, 1093
293, 1939
293, 2440
293, 2693
294, 277
294, 2132
294, 2194
294, 2480
296, 1108
296, 2039
296, 2379
296, 2533
297, 384
298, 1178
299, 1808
299, 2348
299, 2372
299, 2748
300, 54
300, 361
300, 469
300, 722
300, 1496
300, 1664
300, 1838
300, 2299
301, 1499
301, 2397
301, 2706
302, 2010
302, 2188
302, 2748
303, 1103
303, 1118
304, 62
304, 260
304, 882
304, 2564
305, 423
305, 916
305, 1321
305, 1721
305, 2231
306, 1272
306, 2263
307, 445
307, 1556
307, 1872
307, 2349
308, 802
308, 814
308, 1374
308, 2661
309, 234
309, 817
309, 2208
309, 2645
310, 1026
310, 1127
310, 1668
311, 1606
311, 1836
311, 1903
311, 2350
312, 1301
312, 1765
313, 1512
313, 2537
313, 2769
313, 2931
313, 2947
314, 430
314, 913
314, 1455
314, 1989
314, 2424
314, 2579
315, 612
315, 1541
317, 1408
317, 1904
318, 176
318, 1662
318, 2837
319, 440
319, 2168
319, 2178
319, 2669
319, 2843
320, 1027
320, 1203
321, 1213
322, 343
322, 482
323, 1496
323, 2208
325, 2220
326, 1085
326, 2419
326, 2598
326, 2824
327, 1064
327, 2042
328, 50
328, 1185
328, 2853
328, 2924
329, 562
329, 2354
329, 2670
330, 1795
330, 1842
330, 2704
331, 720
331, 1115
331, 1686
331, 2308
332, 181
332, 585
332, 975
332, 1668
333, 256
333, 842
333, 2099
334, 431
334, 1235
335, 211
335, 2265
335, 2355
336, 450
336, 546
336, 2082
337, 447
337, 2811
338, 664
338, 816
338, 2598
339, 413
340, 192
340, 722
340, 1059
341, 778
341, 1919
341, 2663
342, 2471
342, 2971
343, 322
343, 2445
343, 2668
344, 539
344, 1161
344, 1191
344, 2860
345, 951
345, 1142
345, 1164
345, 2040
345, 2063
345, 2553
346, 717
346, 824
347, 1608
347, 1705
347, 2854
348, 1697
348, 2148
349, 115
349, 293
349, 611
349, 1350
350, 11
350, 745
350, 951
350, 2996
351, 1012
351, 2436
352, 2284
352, 2487
353, 1110
353, 1716
354, 1514
354, 1614
354, 2940
355, 260
355, 1105
355, 1659
355, 2954
356, 217
356, 530
357, 1166
357, 1294
357, 2470
358, 222
358, 1772
358, 2239
359, 420
359, 549
359, 2328
360, 920
361, 300
361, 694
361, 920
362, 1729
362, 2995
363, 1323
363, 2019
364, 765
364, 1998
364, 2696
365, 673
365, 1311
365, 1439
365, 1854
365, 1924
365, 2300
366, 1100
366, 2261
367, 766
367, 1278
367, 1661
367, 2215
367, 2927
368, 737
368, 2135
368, 2401
369, 21
369, 656
369, 1777
370, 812
370, 2530
370, 2539
370, 2661
370, 2664
370, 2907
371, 2577
371, 2823
372, 1010
372, 1845
372, 2051
373, 433
373, 2525
374, 1238
375, 395
375, 517
375, 574
375, 1099
375, 1269
375, 2148
375, 2610
375, 2664
376, 1054
376, 1290
377, 162
377, 1854
377, 2151
378, 969
378, 1609
378, 1701
378, 2017
378, 2774
379, 1802
380, 181
380, 208
380, 2750
381, 1035
381, 2865
382, 1787
383, 87
383, 1148
384, 297
384, 497
384, 1711
384, 2271
385, 1040
385, 1237
385, 2462
385, 2988
386, 1669
386, 2469
387, 38
387, 1468
388, 2352
389, 2154
389, 2844
390, 813
390, 1366
390, 2558
391, 1962
391, 2995
392, 24
392, 876
392, 1508
392, 2423
392, 2786
394, 1646
394, 1683
395, 375
395, 463
395, 704
395, 1050
395, 2140
397, 17
397, 1138
397, 1595
397, 1702
398, 1204
398, 1582
398, 1634
398, 1937
398, 1944
398, 2337
399, 538
399, 1568
399, 2261
399, 2428
399, 2878
400, 813
400, 1312
400, 1372
401, 2096
401, 2522
402, 736
402, 2539
402, 2810
403, 734
403, 1957
403, 2322
403, 2566
404, 201
404, 955
404, 1352
405, 1096
405, 2374
405, 2970
406, 578
406, 1370
407, 449
407, 792
407, 2402
408, 126
408, 538
408, 584
408, 745
409, 638
409, 2165
409, 2292
409, 2770
411, 508
411, 1289
411, 1983
411, 2272
412, 948
412, 999
412, 2925
413, 339
413, 2285
414, 1181
414, 2827
415, 71
415, 169
415, 558
415, 1046
415, 1083
416, 15
416, 182
416, 1139
416, 1429
416, 2192
416, 2647
417, 165
417, 519
418, 2155
419, 703
419, 1952
419, 2155
420, 157
420, 359
420, 926
420, 2238
421, 1326
421, 1640
422, 24
422, 644
422, 2998
423, 118
423, 123
423, 305
423, 506
424, 2475
425, 190
425, 523
425, 2751
426, 440
426, 1048
426, 1364
426, 1572
426, 1991
426, 2324
426, 2592
426, 2740
427, 665
427, 730
427, 789
427, 990
427, 1046
428, 1572
428, 1599
428, 1918
428, 2288
428, 2450
429, 841
429, 894
429, 1155
429, 1159
429, 1916
429, 2715
430, 77
430, 314
430, 1999
431, 334
431, 842
431, 921
432, 61
432, 1866
433, 209
433, 373
433, 1130
434, 2521
434, 2821
435, 171
435, 570
435, 1846
436, 1093
436, 1607
436, 2404
437, 174
437, 682
437, 939
437, 1179
437, 1888
438, 526
438, 1359
438, 1577
438, 2015
439, 1862
439, 2598
440, 319
440, 426
441, 18
441, 624
441, 629
441, 1361
441, 2463
441, 2860
442, 847
442, 1179
443, 515
443, 522
444, 975
444, 1352
444, 2309
445, 307
445, 737
445, 1115
445, 1788
446, 757
446, 1323
446, 2047
447, 337
447, 1806
447, 1888
447, 2394
447, 2479
447, 2775
447, 2899
448, 936
448, 2934
449, 20
449, 42
449, 407
449, 519
449, 1281
449, 1342
449, 2932
450, 336
450, 1750
450, 1803
451, 2705
451, 2846
452, 1031
452, 1165
452, 2466
453, 657
453, 1320
453, 2592
454, 669
454, 1059
454, 2914
455, 628
455, 2472
455, 2584
456, 1962
457, 2007
457, 2217
458, 532
458, 1312
458, 1556
458, 2576
459, 1110
459, 1470
459, 1805
460, 2796
460, 2799
461, 1661
462, 32
462, 1826
463, 395
463, 2523
464, 669
464, 1593
464, 2791
465, 790
466, 1107
466, 2855
467, 717
467, 957
467, 1239
467, 2572
468, 2124
468, 2491
469, 52
469, 55
469, 300
469, 882
469, 1949
469, 2645
470, 1113
470, 2611
470, 2739
471, 2622
471, 2730
472, 1147
472, 1390
472, 2674
473, 1136
473, 1635
473, 1858
473, 2216
474, 696
474, 1938
474, 2949
475, 751
475, 903
475, 1339
475, 2919
476, 1242
477, 2612
477, 2708
478, 109
478, 2070
479, 584
479, 2255
480, 2530
481, 913
481, 1163
481, 1290
481, 2551
481, 2782
482, 55
482, 322
483, 239
483, 1045
484, 1031
485, 111
485, 566
485, 810
485, 839
485, 1486
485, 1618
485, 1987
485, 2236
486, 826
486, 1564
486, 2321
486, 2406
487, 580
487, 2268
490, 214
490, 2870
491, 1084
491, 2831
492, 1773
493, 1079
493, 1600
494, 529
494, 1134
495, 539
495, 681
495, 1107
495, 1900
496, 2613
496, 2847
497, 384
497, 2237
498, 504
498, 820
498, 1030
498, 2295
499, 1536
499, 2699
499, 2970
500, 511
500, 2090
500, 2780
501, 2880
502, 518
502, 594
502, 1663
503, 131
503, 508
503, 698
503, 1535
503, 1846
503, 2687
504, 498
504, 1721
504, 1871
504, 2850
505, 1944
506, 423
506, 2037
507, 539
507, 1625
507, 2134
508, 411
508, 503
511, 500
511, 517
511, 531
511, 965
511, 1495
512, 1444
513, 2103
514, 527
514, 2496
514, 2676
515, 443
516, 806
516, 1046
516, 1177
516, 1845
517, 103
517, 187
517, 375
517, 511
517, 522
517, 1696
517, 1826
518, 502
518, 1603
518, 2630
519, 6
519, 417
519, 449
519, 2852
520, 172
520, 1776
520, 2080
520, 2936
521, 224
521, 726
521, 1049
522, 193
522, 443
522, 517
522, 792
522, 1195
522, 1928
522, 2960
523, 168
523, 425
523, 1474
523, 1924
524, 202
524, 288
524, 536
524, 1742
524, 2675
526, 38
526, 438
526, 2199
527, 155
527, 514
527, 1150
527, 1326
527, 1719
527, 2325
528, 1804
528, 2267
529, 65
529, 180
529, 494
529, 1189
530, 356
530, 1220
530, 1942
531, 511
531, 563
531, 796
531, 2665
531, 2961
532, 458
532, 1053
532, 1181
532, 1412
532, 1520
533, 1399
533, 1707
533, 1886
533, 2051
533, 2478
533, 2635
534, 143
534, 183
534, 283
534, 1031
534, 1197
534, 2284
535, 726
535, 1539
535, 1717
535, 2068
535, 2391
535, 2448
535, 2497
536, 144
536, 524
536, 718
537, 2407
538, 159
538, 399
538, 408
539, 344
539, 495
539, 507
539, 930
539, 1374
539, 2108
539, 2127
540, 1094
540, 1916
540, 2306
540, 2891
540, 2920
541, 581
541, 778
543, 622
543, 631
543, 660
543, 1098
543, 1570
543, 1798
544, 42
544, 597
544, 728
544, 865
545, 2595
546, 336
547, 1180
548, 256
549, 359
549, 1020
549, 1902
550, 63
550, 1386
550, 2317
550, 2502
550, 2589
551, 988
551, 1214
551, 1233
552, 1064
552, 1389
553, 1625
554, 1049
555, 2916
556, 100
556, 2792
557, 1208
557, 1881
557, 2200
557, 2701
558, 415
558, 1135
559, 991
560, 561
560, 2402
561, 94
561, 560
561, 799
561, 1697
561, 1713
562, 86
562, 329
562, 2817
563, 531
563, 909
563, 1375
563, 2732
564, 806
564, 1442
564, 2254
565, 189
565, 1077
565, 1563
565, 1581
565, 1846
565, 1847
566, 485
566, 600
566, 1463
566, 2332
566, 2536
567, 2074
567, 2512
567, 2605
568, 55
568, 902
568, 1355
569, 1161
570, 435
570, 1309
570, 2035
570, 2283
570, 2337
571, 751
571, 2256
571, 2405
572, 56
572, 1975
572, 2617
573, 87
573, 773
574, 375
575, 1248
575, 2484
576, 1073
576, 1460
576, 2409
576, 2682
577, 1310
577, 2204
577, 2659
578, 406
578, 789
578, 1964
578, 1975
578, 2731
578, 2956
579, 763
580, 487
580, 2039
580, 2072
581, 541
581, 2765
582, 1557
582, 2908
583, 1046
583, 1195
583, 1621
583, 2326
584, 408
584, 479
584, 1002
584, 1189
584, 1806
584, 1862
584, 2131
584, 2448
585, 332
585, 2768
585, 2780
586, 184
586, 594
586, 2146
587, 43
587, 92
587, 223
587, 1096
587, 1992
588, 168
588, 1161
589, 2092
590, 2221
590, 2574
590, 2889
591, 947
591, 1257
592, 1046
592, 2146
592, 2907
592, 2948
593, 59
593, 117
593, 788
593, 1012
593, 2576
594, 502
594, 586
594, 1678
594, 1706
594, 1791
594, 1911
595, 605
595, 679
595, 907
595, 1153
595, 1493
596, 2011
596, 2586
597, 544
597, 1694
597, 1723
598, 100
598, 999
599, 1569
599, 1712
599, 1821
599, 2201
600, 88
600, 566
600, 935
600, 1069
600, 1217
600, 2437
600, 2999
601, 2178
602, 694
602, 1377
603, 124
603, 1072
603, 2750
604, 2402
605, 595
605, 764
605, 2452
606, 48
606, 158
606, 291
606, 844
606, 1269
606, 1412
606, 2839
607, 267
607, 1727
607, 2568
607, 2777
608, 1188
608, 2683
609, 113
609, 1471
609, 2988
610, 201
611, 349
611, 1696
612, 9
612, 315
612, 697
612, 1097
612, 1862
612, 2102
613, 625
613, 807
614, 2006
614, 2533
614, 2623
614, 2722
615, 1494
615, 1729
615, 2382
616, 1319
616, 1458
616, 1667
617, 861
617, 1174
617, 1406
618, 95
619, 1242
619, 2146
619, 2993
620, 728
620, 2854
621, 1809
621, 2066
622, 43
622, 543
622, 721
622, 2262
623, 807
623, 1137
623, 1958
623, 2971
624, 441
624, 1005
624, 1377
625, 613
625, 2305
625, 2551
626, 26
626, 272
626, 967
626, 1296
626, 1681
627, 1452
627, 1937
628, 455
628, 1274
629, 441
629, 1403
629, 2348
629, 2381
630, 191
630, 1169
630, 2357
630, 2930
631, 543
631, 703
631, 960
632, 171
632, 695
632, 1091
633, 2074
634, 1182
637, 100
637, 2777
638, 409
639, 1252
639, 1901
640, 2064
641, 1614
642, 105
642, 141
642, 687
642, 2125
642, 2681
643, 255
643, 1647
643, 2113
643, 2209
643, 2680
643, 2771
644, 265
644, 422
644, 2503
644, 2601
646, 758
646, 883
646, 2076
646, 2248
647, 1516
647, 2071
647, 2124
647, 2295
647, 2523
648, 1312
648, 1834
648, 2858
648, 2934
649, 946
649, 1695
649, 2006
650, 839
650, 1854
650, 2046
650, 2493
651, 1715
652, 1137
652, 1435
653, 46
653, 150
653, 726
653, 2764
654, 1210
654, 1444
654, 1851
655, 1791
655, 2394
655, 2468
656, 274
656, 289
656, 369
656, 2758
657, 18
657, 168
657, 453
657, 1281
657, 1983
657, 2018
657, 2095
657, 2151
658, 1756
658, 2377
660, 288
660, 543
660, 2189
660, 2675
661, 1482
661, 1549
661, 2584
662, 167
662, 2328
662, 2776
663, 215
663, 1344
663, 1396
664, 338
664, 1191
665, 427
665, 928
665, 968
665, 1548
665, 2127
666, 1030
666, 2579
666, 2926
667, 693
669, 454
669, 464
669, 1517
670, 751
670, 1472
670, 2737
671, 118
671, 1693
672, 181
672, 200
672, 730
672, 2052
672, 2135
672, 2767
672, 2873
673, 365
673, 2065
674, 1158
674, 1840
674, 1990
675, 946
675, 1221
675, 1651
675, 1955
675, 2148
676, 1217
676, 2371
676, 2913
677, 2005
678, 1130
678, 1188
678, 1783
678, 2605
679, 595
679, 1044
679, 1149
679, 1699
679, 2013
679, 2395
680, 222
680, 1616
681, 495
681, 2376
681, 2507
681, 2510
682, 437
682, 735
682, 1744
682, 2047
682, 2704
683, 79
683, 2334
683, 2944
684, 1999
684, 2560
685, 2651
685, 2882
685, 2911
686, 1574
687, 284
687, 642
687, 790
687, 976
687, 2095
688, 979
688, 2682
688, 2714
689, 41
689, 855
689, 994
689, 1591
689, 1596
689, 2935
689, 2977
691, 107
691, 1881
691, 2579
692, 1925
692, 2971
693, 667
693, 1644
694, 361
694, 602
694, 1545
694, 2188
695, 632
696, 474
696, 2505
696, 2680
696, 2703
697, 612
697, 2342
697, 2608
698, 503
698, 1256
698, 2855
699, 92
699, 1193
699, 2620
700, 1788
700, 1961
700, 2509
701, 2459
702, 844
702, 2562
703, 419
703, 631
703, 774
703, 1589
703, 2229
704, 395
704, 864
704, 2180
704, 2783
705, 811
705, 883
705, 1464
705, 2022
707, 1794
707, 2280
708, 1454
708, 1820
708, 2166
708, 2595
709, 2538
710, 2074
710, 2707
711, 1383
711, 1407
712, 856
712, 1468
713, 234
713, 1444
713, 1571
714, 1176
714, 1337
714, 2369
715, 1525
715, 1831
715, 2021
715, 2310
716, 290
716, 1151
717, 121
717, 185
717, 346
717, 467
717, 1094
717, 1502
718, 536
718, 1397
718, 1745
718, 2658
720, 331
720, 1618
721, 622
721, 1136
722, 300
722, 340
722, 878
724, 947
724, 1097
724, 2464
724, 2843
725, 1426
725, 2149
726, 521
726, 535
726, 653
726, 844
726, 1345
726, 1482
726, 2485
726, 2747
726, 2990
727, 54
727, 1476
728, 71
728, 89
728, 544
728, 620
728, 1103
728, 1265
728, 2719
729, 1595
730, 427
730, 672
730, 842
730, 1307
731, 804
731, 962
731, 1246
731, 1356
731, 2491
732, 734
732, 1070
732, 2550
733, 2209
733, 2781
734, 403
734, 732
734, 944
735, 682
735, 1342
735, 2112
736, 402
737, 224
737, 368
737, 445
737, 2319
737, 2358
738, 1112
738, 1508
738, 2381
738, 2604
739, 102
739, 221
739, 766
739, 2299
740, 19
741, 1135
741, 1679
741, 2190
742, 1138
743, 1388
744, 56
744, 1131
744, 2649
744, 2926
745, 350
745, 408
745, 1110
746, 31
746, 2161
747, 0
748, 1222
748, 1532
749, 1010
751, 475
751, 571
751, 670
752, 2855
753, 936
753, 2904
754, 1140
756, 69
756, 1594
756, 2613
756, 2868
757, 446
757, 1024
757, 2902
758, 646
758, 1016
758, 1026
758, 1617
758, 2607
759, 178
759, 1755
760, 158
760, 829
760, 989
760, 2733
760, 2747
760, 2819
761, 963
762, 927
762, 1971
762, 2007
762, 2103
763, 579
763, 984
763, 1140
763, 2030
763, 2838
764, 605
764, 1461
764, 1882
764, 2216
764, 2325
764, 2526
765, 364
765, 1548
765, 1771
765, 2659
765, 2811
766, 90
766, 367
766, 739
766, 2575
767, 1335
767, 2262
768, 1944
769, 1096
769, 1175
769, 1361
769, 1602
770, 216
771, 26
772, 2549
773, 573
773, 2318
773, 2886
774, 703
774, 817
774, 989
774, 2179
775, 2614
776, 1827
778, 341
778, 541
778, 2612
779, 1377
779, 2516
779, 2582
780, 267
780, 2159
781, 851
781, 1055
781, 2372
782, 871
782, 1137
782, 2264
783, 890
783, 968
783, 1551
783, 1610
783, 1897
784, 1421
784, 1885
785, 917
785, 1412
785, 1890
785, 2486
785, 2582
785, 2995
786, 1093
787, 2274
787, 2862
787, 2898
787, 2925
788, 593
788, 1102
788, 2322
788, 2543
788, 2930
789, 204
789, 427
789, 578
789, 828
789, 1307
789, 2587
789, 2872
790, 465
790, 687
790, 1397
790, 2114
790, 2474
790, 2967
791, 258
791, 903
791, 2995
792, 407
792, 522
792, 1038
792, 2945
793, 2636
794, 58
794, 1033
794, 1826
794, 2341
794, 2418
795, 1346
795, 1795
795, 2550
796, 531
796, 1154
796, 2586
796, 2994
797, 813
797, 1276
797, 1362
797, 1460
797, 1481
797, 2388
797, 2776
798, 816
798, 2307
798, 2831
799, 561
799, 1463
799, 1476
799, 1490
799, 2215
800, 890
800, 1971
801, 1015
801, 2101
801, 2672
802, 146
802, 308
802, 900
803, 1132
803, 1911
803, 2500
804, 731
804, 855
804, 1657
804, 2228
804, 2486
805, 899
805, 1997
806, 516
806, 564
806, 1344
806, 1548
807, 613
807, 623
807, 1459
807, 1564
807, 2519
807, 2693
807, 2833
808, 833
808, 979
808, 1089
808, 1762
808, 2333
808, 2954
809, 91
809, 1400
810, 485
810, 1567
810, 1813
810, 1946
810, 2084
810, 2822
810, 2925
811, 705
811, 2756
812, 370
812, 1101
812, 1317
813, 390
813, 400
813, 797
813, 1897
814, 308
814, 1265
814, 1342
814, 1731
814, 1850
814, 1995
814, 2029
815, 1645
815, 1718
816, 338
816, 798
816, 1397
816, 2787
817, 309
817, 774
817, 2522
817, 2799
818, 151
818, 1923
818, 2052
818, 2221
819, 1188
820, 498
820, 1345
820, 2689
820, 2760
821, 174
821, 1096
822, 1495
822, 1699
822, 1855
822, 2038
823, 53
823, 1373
824, 346
824, 939
824, 1071
824, 1697
825, 43
825, 1640
825, 2180
825, 2608
826, 486
826, 2822
827, 1468
827, 1833
827, 1882
828, 216
828, 789
828, 1291
828, 2157
828, 2614
829, 760
830, 2356
832, 1828
833, 808
833, 1100
833, 1686
834, 2465
834, 2734
834, 2889
835, 183
835, 1909
835, 2430
835, 2552
836, 2281
836, 2474
837, 913
838, 1169
838, 1809
839, 485
839, 650
840, 1016
840, 2000
841, 429
841, 2730
842, 62
842, 333
842, 431
842, 730
842, 2174
842, 2970
843, 2186
843, 2350
844, 606
844, 702
844, 726
844, 2613
845, 1561
845, 2971
846, 891
846, 1465
846, 1837
846, 2380
846, 2693
847, 442
847, 1819
847, 1994
847, 2308
848, 112
848, 1334
850, 1483
850, 2499
851, 291
851, 781
851, 1169
851, 2527
851, 2798
851, 2916
852, 1730
852, 2944
854, 41
854, 1769
855, 689
855, 804
855, 931
855, 996
855, 2561
856, 261
856, 712
856, 980
856, 1172
856, 1400
856, 1945
856, 2403
856, 2573
858, 871
858, 1080
858, 2169
858, 2900
859, 149
859, 1427
859, 2101
859, 2309
860, 1404
861, 0
861, 617
861, 1322
861, 2531
861, 2868
862, 1003
862, 1629
862, 1790
862, 1896
862, 2150
862, 2680
863, 74
863, 1179
863, 1544
863, 2606
864, 125
864, 704
865, 544
865, 866
865, 956
865, 1334
865, 2043
865, 2402
866, 865
866, 925
866, 1000
866, 1622
866, 2183
867, 1714
869, 3
869, 1166
869, 1809
869, 1984
869, 2892
869, 2965
870, 1085
870, 2181
871, 782
871, 858
871, 1842
872, 2196
872, 2216
873, 17
873, 128
873, 1888
873, 1915
873, 2430
874, 1645
875, 225
875, 1121
875, 2308
876, 392
876, 972
877, 1167
877, 1398
877, 2156
877, 2388
877, 2793
878, 722
878, 2228
879, 2031
879, 2603
880, 2247
881, 1211
881, 1590
881, 1729
882, 304
882, 469
882, 2470
882, 2779
883, 646
883, 705
883, 2199
883, 2300
883, 2783
884, 898
884, 1793
884, 1961
884, 2325
884, 2701
886, 1055
886, 2303
886, 2595
887, 1330
887, 1378
887, 2403
888, 1999
889, 1515
889, 2179
890, 783
890, 800
891, 846
891, 2895
892, 132
892, 2095
894, 99
894, 154
894, 429
894, 1006
894, 1305
895, 1476
895, 1613
895, 1725
895, 2541
896, 1583
896, 1939
896, 2138
896, 2833
897, 1956
897, 2337
898, 884
898, 2474
899, 31
899, 805
899, 1052
900, 802
900, 2169
901, 14
901, 1238
901, 1410
902, 568
902, 1972
902, 1984
902, 2678
903, 475
903, 791
904, 1156
904, 1230
904, 1712
905, 1998
906, 2485
906, 2927
907, 595
907, 1122
907, 1344
908, 2134
909, 563
909, 2008
910, 2055
910, 2145
911, 1186
911, 2116
912, 214
912, 1961
912, 2290
913, 314
913, 481
913, 837
914, 1439
914, 2136
915, 1712
915, 2234
916, 245
916, 305
916, 1449
917, 94
917, 785
917, 2728
918, 255
918, 1568
919, 1514
919, 2835
920, 360
920, 361
920, 988
920, 2749
920, 2847
921, 431
923, 2332
924, 114
924, 1444
924, 2658
925, 866
925, 2014
925, 2353
926, 127
926, 420
926, 1975
926, 2023
927, 283
927, 762
927, 2349
928, 665
928, 1430
928, 1576
928, 1880
928, 2162
928, 2381
929, 91
929, 1007
929, 1421
929, 2258
930, 184
930, 539
930, 1949
930, 1992
931, 855
931, 1731
931, 1982
931, 1985
932, 1298
932, 1854
932, 2254
933, 89
933, 1283
933, 2033
933, 2234
933, 2255
934, 99
935, 262
935, 600
935, 2424
935, 2503
936, 448
936, 753
936, 1513
936, 1814
936, 1845
937, 214
937, 1545
937, 2008
937, 2428
937, 2670
938, 1583
938, 1854
938, 2153
938, 2863
939, 82
939, 437
939, 824
939, 2351
939, 2859
940, 1620
940, 1902
941, 2745
942, 1762
943, 1837
943, 2370
944, 734
944, 1340
945, 2237
945, 2598
946, 649
946, 675
946, 967
946, 2236
946, 2451
947, 591
947, 724
947, 2519
947, 2578
947, 2682
948, 412
948, 1562
949, 186
949, 1065
949, 1679
949, 2411
951, 345
951, 350
951, 2689
952, 2318
953, 241
954, 971
955, 404
955, 1567
955, 2910
956, 865
956, 2425
957, 467
957, 2185
957, 2630
958, 1038
958, 1798
958, 2576
959, 1547
959, 2071
960, 39
960, 75
960, 631
960, 1779
960, 2761
961, 102
961, 2153
961, 2666
961, 2844
962, 731
962, 2223
963, 761
963, 1764
963, 1888
964, 53
964, 1230
964, 2371
964, 2692
964, 2835
964, 2986
965, 511
966, 1314
966, 1349
966, 2124
966, 2500
966, 2745
967, 626
967, 946
967, 2191
968, 276
968, 665
968, 783
968, 1080
969, 152
969, 196
969, 378
969, 1197
969, 1507
969, 2296
970, 1292
970, 1681
971, 954
971, 2286
971, 2710
972, 876
972, 1004
972, 1080
972, 2167
972, 2398
973, 1534
973, 2237
973, 2952
974, 1661
974, 2232
974, 2665
975, 332
975, 444
975, 1134
975, 1370
975, 1627
976, 687
976, 2160
977, 1491
977, 1588
977, 1711
977, 2358
977, 2724
977, 2839
979, 688
979, 808
979, 2142
980, 80
980, 856
980, 2827
981, 145
981, 1200
981, 1461
981, 2562
982, 125
982, 212
982, 1281
983, 1323
984, 763
984, 2499
984, 2673
985, 67
985, 2920
986, 1690
986, 1755
986, 2438
987, 1501
987, 1858
988, 551
988, 920
988, 1396
988, 1787
989, 110
989, 760
989, 774
989, 1644
989, 2232
989, 2799
990, 427
990, 1258
990, 2609
991, 559
991, 1284
991, 1910
991, 2271
991, 2272
992, 1427
992, 1741
992, 2020
992, 2432
992, 2573
993, 41
993, 1567
994, 689
994, 1394
994, 2128
994, 2690
995, 293
995, 1391
995, 2766
996, 855
996, 1320
996, 1325
996, 1350
996, 1494
996, 2530
996, 2620
997, 1100
997, 2139
997, 2302
999, 412
999, 598
999, 2044
1000, 866
1000, 1804
1000, 2432
1000, 2582
1000, 2968
1001, 39
1001, 1976
1001, 2082
1001, 2216
1001, 2345
1001, 2688
1002, 584
1002, 1520
1002, 2214
1003, 862
1003, 1396
1003, 2978
1004, 137
1004, 972
1004, 1118
1004, 1379
1004, 1627
1004, 2217
1005, 624
1005, 1455
1005, 2964
1006, 894
1006, 2807
1006, 2895
1007, 929
1007, 1085
1007, 1558
1007, 2593
1007, 2911
1008, 1397
1008, 1793
1008, 2341
1010, 16
1010, 372
1010, 749
1010, 1971
1011, 2985
1012, 351
1012, 593
1012, 1890
1012, 2634
1013, 1255
1013, 1364
1013, 1677
1013, 2265
1013, 2420
1013, 2557
1014, 1829
1015, 801
1015, 1611
1015, 2581
1015, 2936
1016, 758
1016, 840
1016, 2908
1017, 1239
1018, 2464
1019, 1072
1019, 1087
1019, 1205
1019, 1468
1019, 2100
1019, 2597
1019, 2959
1020, 549
1020, 2287
1021, 1149
1021, 2799
1022, 1990
1024, 757
1024, 2701
1024, 2753
1025, 18
1025, 2120
1026, 310
1026, 758
1027, 320
1027, 1664
1028, 189
1028, 1136
1028, 2575
1030, 498
1030, 666
1030, 2000
1030, 2645
1031, 452
1031, 484
1031, 534
1031, 1323
1031, 2812
1032, 2193
1032, 2678
1033, 794
1033, 1820
1033, 2356
1034, 1162
1034, 1400
1034, 1682
1035, 87
1035, 381
1035, 1163
1035, 1193
1035, 1403
1037, 1785
1038, 792
1038, 958
1038, 1953
1038, 2177
1038, 2710
1039, 258
1039, 1266
1039, 1322
1039, 1694
1039, 2203
1039, 2571
1040, 167
1040, 385
1040, 1237
1040, 2058
1040, 2360
1040, 2556
1041, 230
1041, 1680
1041, 2778
1042, 2189
1042, 2702
1043, 76
1043, 1048
1044, 679
1044, 1992
1044, 2275
1045, 75
1045, 483
1045, 1139
1045, 2098
1045, 2444
1046, 166
1046, 415
1046, 427
1046, 516
1046, 583
1046, 592
1046, 1991
1047, 25
1047, 1562
1047, 1579
1048, 426
1048, 1043
1048, 1196
1048, 1291
1048, 1598
1048, 2310
1048, 2859
1048, 2911
1049, 521
1049, 554
1049, 1203
1049, 1218
1049, 1600
1049, 1911
1049, 2315
1050, 395
1050, 1055
1050, 1133
1050, 1179
1050, 2001
1051, 177
1052, 899
1052, 1724
1053, 532
1053, 1234
1054, 376
1054, 1404
1054, 2037
1054, 2954
1055, 781
1055, 886
1055, 1050
1057, 1172
1057, 1377
1057, 2208
1058, 1211
1058, 1567
1059, 340
1059, 454
1059, 1555
1059, 1720
1061, 1467
1063, 280
1063, 1803
1063, 2139
1063, 2565
1063, 2842
1063, 2903
1064, 87
1064, 327
1064, 552
1065, 949
1065, 2296
1065, 2673
1066, 2640
1067, 14
1067, 1178
1068, 1198
1068, 2037
1069, 600
1069, 1368
1070, 732
1070, 1079
1070, 1944
1070, 2081
1070, 2277
1070, 2997
1071, 824
1071, 1267
1071, 1717
1071, 1814
1072, 243
1072, 293
1072, 603
1072, 1019
1073, 576
1073, 1942
1073, 2454
1074, 1789
1075, 2118
1076, 120
1077, 35
1077, 565
1077, 1991
1077, 2335
1077, 2741
1078, 1105
1079, 103
1079, 493
1079, 1070
1079, 1198
1079, 1314
1079, 1470
1080, 858
1080, 968
1080, 972
1080, 1369
1080, 1663
1080, 2173
1080, 2421
1080, 2939
1081, 5
1081, 1807
1081, 1938
1081, 2677
1082, 2620
1082, 2909
1083, 415
1083, 1745
1083, 1875
1083, 2061
1084, 265
1084, 491
1084, 1218
1084, 2018
1084, 2345
1084, 2753
1084, 2896
1085, 147
1085, 282
1085, 326
1085, 870
1085, 1007
1085, 1132
1085, 1272
1086, 135
1086, 1686
1086, 2052
1086, 2643
1087, 1019
1087, 1514
1087, 2667
1089, 91
1089, 808
1090, 1683
1090, 1709
1090, 2135
1091, 632
1091, 2008
1091, 2177
1091, 2858
1091, 2917
1092, 2159
1093, 293
1093, 436
1093, 786
1093, 2606
1094, 540
1094, 717
1095, 144
1095, 1107
1095, 2694
1096, 237
1096, 405
1096, 587
1096, 769
1096, 821
1096, 2393
1096, 2651
1096, 2889
1097, 612
1097, 724
1097, 1337
1097, 2480
1098, 543
1099, 6
1099, 375
1099, 1254
1100, 155
1100, 366
1100, 833
1100, 997
1100, 1307
1100, 2066
1100, 2148
1101, 812
1101, 1319
1101, 2635
1102, 239
1102, 788
1102, 1585
1102, 1729
1102, 1939
1102, 2017
1102, 2275
1102, 2976
1103, 303
1103, 728
1103, 1123
1103, 2400
1104, 1217
1105, 355
1105, 1078
1105, 1429
1105, 1580
1105, 2434
1106, 1171
1106, 1336
1106, 1356
1106, 2042
1106, 2978
1107, 466
1107, 495
1107, 1095
1107, 1390
1107, 2453
1108, 296
1108, 2244
1108, 2863
1109, 2047
1110, 353
1110, 459
1110, 745
1110, 1361
1111, 1997
1112, 738
1112, 2622
1113, 154
1113, 470
1113, 1953
1114, 193
1114, 1505
1114, 1835
1115, 92
1115, 331
1115, 445
1115, 2370
1117, 1269
1117, 1840
1117, 1917
1117, 2377
1117, 2767
1118, 104
1118, 303
1118, 1004
1118, 1536
1118, 1585
1118, 1823
1119, 1500
1119, 2885
1119, 2942
1120, 201
1120, 1365
1120, 1533
1120, 1981
1121, 875
1121, 1198
1121, 2067
1121, 2777
1122, 907
1123, 1103
1123, 2847
1125, 1602
1125, 2200
1127, 310
1127, 1523
1127, 1700
1127, 1759
1127, 2708
1128, 1965
1128, 2489
1129, 1304
1129, 2170
1130, 433
1130, 678
1130, 1314
1130, 1503
1130, 1813
1130, 2404
1130, 2869
1131, 744
1131, 2383
1131, 2672
1132, 206
1132, 803
1132, 1085
1133, 1050
1133, 1794
1133, 2961
1134, 214
1134, 494
1134, 975
1134, 2456
1135, 30
1135, 211
1135, 558
1135, 741
1135, 2149
1135, 2213
1136, 473
1136, 721
1136, 1028
1136, 1971
1136, 2178
1136, 2604
1136, 2961
1137, 623
1137, 652
1137, 782
1138, 397
1138, 742
1138, 1710
1138, 2682
1138, 2691
1139, 416
1139, 1045
1139, 2617
1140, 754
1140, 763
1140, 1241
1140, 2122
1140, 2975
1141, 126
1141, 181
1141, 1222
1141, 1762
1141, 2093
1141, 2124
1141, 2593
1142, 345
1142, 1629
1143, 217
1143, 284
1143, 1232
1144, 14
1144, 2405
1144, 2588
1145, 241
1145, 1167
1145, 1833
1145, 1949
1146, 291
1146, 1360
1146, 1664
1147, 27
1147, 472
1147, 1498
1147, 2798
1148, 383
1148, 2050
1149, 197
1149, 679
1149, 1021
1149, 1771
1150, 62
1150, 527
1151, 716
1151, 2844
1152, 1449
1152, 2801
1152, 2856
1153, 595
1153, 1343
1154, 796
1154, 1649
1154, 2122
1155, 218
1155, 429
1155, 1238
1156, 90
1156, 904
1156, 2602
1156, 2676
1157, 31
1157, 2192
1157, 2611
1158, 674
1158, 1777
1159, 429
1159, 2516
1161, 104
1161, 207
1161, 268
1161, 344
1161, 569
1161, 588
1162, 102
1162, 1034
1163, 481
1163, 1035
1163, 2533
1163, 2812
1164, 345
1164, 2548
1164, 2763
1165, 122
1165, 452
1165, 1177
1165, 2459
1165, 2795
1166, 357
1166, 869
1167, 877
1167, 1145
1167, 1595
1167, 2079
1167, 2705
1169, 630
1169, 838
1169, 851
1169, 1703
1169, 2665
1170, 233
1170, 1859
1170, 2465
1170, 2616
1171, 282
1171, 1106
1171, 1965
1171, 2189
1171, 2505
1171, 2576
1172, 856
1172, 1057
1172, 1820
1173, 1702
1174, 152
1174, 617
1174, 1961
1174, 2342
1175, 18
1175, 769
1175, 2721
1176, 714
1176, 1672
1176, 1935
1177, 516
1177, 1165
1177, 1300
1177, 1972
1177, 2683
1178, 298
1178, 1067
1178, 2728
1178, 2900
1179, 20
1179, 437
1179, 442
1179, 863
1179, 1050
1179, 1803
1179, 2646
1180, 547
1180, 2402
1180, 2858
1180, 2997
1181, 414
1181, 532
1181, 1596
1181, 2210
1181, 2339
1182, 634
1182, 1505
1182, 1682
1182, 2448
1183, 2465
1184, 34
1184, 2039
1184, 2695
1184, 2834
1185, 328
1185, 1737
1186, 911
1186, 1462
1186, 1808
1187, 2903
1188, 608
1188, 678
1188, 819
1188, 1609
1189, 529
1189, 584
1189, 1746
1189, 2935
1190, 2832
1191, 344
1191, 664
1191, 2198
1192, 1270
1192, 1632
1192, 2962
1193, 261
1193, 699
1193, 1035
1193, 2510
1194, 24
1194, 1311
1194, 2726
1195, 522
1195, 583
1195, 1871
1195, 2449
1195, 2609
1196, 1048
1196, 2028
1197, 534
1197, 969
1197, 1289
1197, 1336
1198, 1068
1198, 1079
1198, 1121
1198, 1800
1199, 2383
1200, 161
1200, 981
1200, 2425
1200, 2959
1201, 1360
1201, 1550
1201, 2715
1202, 1295
1202, 1823
1202, 2222
1203, 320
1203, 1049
1203, 2076
1204, 178
1204, 398
1204, 2603
1205, 1019
1205, 2782
1205, 2865
1207, 2267
1208, 557
1208, 1483
1209, 2117
1209, 2559
1210, 654
1210, 1563
1210, 2058
1211, 881
1211, 1058
1212, 1305
1212, 1792
1212, 2157
1212, 2301
1213, 321
1214, 551
1214, 2485
1215, 1624
1216, 1311
1216, 2836
1217, 600
1217, 676
1217, 1104
1218, 1049
1218, 1084
1218, 2331
1218, 2940
1220, 530
1221, 675
1221, 1271
1221, 1901
1222, 748
1222, 1141
1222, 1760
1222, 1918
1223, 259
1223, 2409
1223, 2595
1224, 1712
1224, 2167
1225, 2121
1226, 246
1226, 2044
1227, 1656
1227, 1909
1228, 1291
1229, 1843
1229, 2574
1229, 2972
1230, 904
1230, 964
1230, 1617
1231, 1319
1231, 2354
1231, 2945
1232, 177
1232, 1143
1232, 1292
1232, 2197
1233, 551
1233, 1234
1233, 2128
1234, 1053
1234, 1233
1234, 1590
1234, 2146
1234, 2431
1234, 2680
1235, 117
1235, 334
1235, 2203
1235, 2370
1236, 64
1237, 385
1237, 1040
1237, 1913
1238, 374
1238, 901
1238, 1155
1239, 223
1239, 467
1239, 1017
1240, 1557
1240, 2296
1241, 106
1241, 1140
1241, 1933
1241, 2623
1242, 210
1242, 476
1242, 619
1242, 2569
1243, 2071
1243, 2977
1244, 2068
1245, 272
1245, 1560
1245, 2270
1245, 2290
1246, 731
1247, 67
1248, 575
1248, 2059
1250, 1937
1250, 2279
1250, 2575
1251, 18
1251, 2722
1252, 639
1252, 1299
1252, 1794
1253, 265
1253, 1367
1253, 1537
1253, 2143
1253, 2649
1253, 2809
1254, 1099
1254, 2496
1255, 169
1255, 1013
1256, 698
1256, 1275
1256, 2420
1257, 591
1257, 1494
1257, 1781
1258, 990
1258, 1340
1258, 1667
1258, 1952
1258, 2831
1258, 2971
1259, 2384
1259, 2541
1259, 2648
1260, 2402
1260, 2426
1262, 1419
1263, 170
1263, 1425
1263, 1663
1263, 2408
1263, 2798
1264, 278
1264, 1935
1265, 728
1265, 814
1266, 190
1266, 1039
1266, 1952
1267, 108
1267, 1071
1267, 1320
1267, 2746
1268, 1336
1268, 2285
1268, 2980
1269, 375
1269, 606
1269, 1117
1269, 1692
1270, 202
1270, 1192
1270, 2998
1271, 48
1271, 1221
1271, 2765
1272, 48
1272, 306
1272, 1085
1272, 1947
1272, 2610
1274, 628
1274, 1315
1274, 1591
1275, 1256
1275, 1296
1275, 1558
1276, 70
1276, 797
1276, 1467
1276, 1773
1276, 2365
1276, 2530
1277, 1577
1277, 1771
1278, 367
1278, 1908
1278, 2815
1279, 280
1280, 2019
1280, 2610
1281, 449
1281, 657
1281, 982
1281, 1564
1281, 2414
1282, 1344
1282, 2967
1283, 933
1283, 1547
1284, 991
1285, 2714
1285, 2763
1286, 2318
1287, 1629
1287, 1819
1287, 2597
1287, 2672
1288, 1318
1288, 2006
1289, 87
1289, 411
1289, 1197
1289, 2827
1290, 376
1290, 481
1290, 1965
1291, 828
1291, 1048
1291, 1228
1291, 2048
1291, 2124
1292, 970
1292, 1232
1292, 2385
1292, 2520
1293, 1690
1294, 357
1294, 2490
1294, 2556
1295, 1202
1295, 2981
1296, 18
1296, 626
1296, 1275
1297, 175
1297, 1402
1297, 1713
1297, 2052
1297, 2136
1297, 2259
1298, 932
1298, 1588
1298, 1679
1298, 2312
1299, 1252
1299, 1803
1299, 2576
1300, 58
1300, 1177
1300, 1367
1301, 99
1301, 312
1301, 1541
1301, 1876
1302, 1532
1302, 1794
1302, 2775
1303, 1604
1303, 2628
1303, 2880
1304, 93
1304, 171
1304, 1129
1304, 2650
1305, 894
1305, 1212
1306, 2132
1306, 2917
1307, 730
1307, 789
1307, 1100
1307, 1632
1308, 2121
1308, 2468
1309, 570
1309, 1412
1309, 1633
1309, 2656
1310, 577
1310, 2342
1311, 365
1311, 1194
1311, 1216
1311, 1539
1311, 1645
1312, 183
1312, 212
1312, 400
1312, 458
1312, 648
1312, 1372
1312, 2766
1313, 2052
1313, 2841
1314, 966
1314, 1079
1314, 1130
1314, 1689
1314, 2742
1315, 1274
1315, 2191
1315, 2598
1316, 1728
1316, 1786
1316, 1976
1316, 1990
1317, 812
1317, 1952
1317, 2617
1318, 1288
1318, 1603
1318, 2264
1318, 2513
1318, 2884
1319, 616
1319, 1101
1319, 1231
1319, 1347
1319, 1913
1319, 1972
1319, 2831
1320, 453
1320, 996
1320, 1267
1320, 1642
1320, 2967
1321, 305
1321, 1929
1322, 861
1322, 1039
1322, 1935
1323, 57
1323, 137
1323, 363
1323, 446
1323, 983
1323, 1031
1323, 2039
1323, 2453
1323, 2710
1324, 1826
1325, 996
1325, 1437
1325, 2053
1326, 421
1326, 527
1326, 1413
1326, 2890
1327, 182
1327, 1972
1328, 2052
1329, 1463
1329, 2757
1330, 887
1331, 135
1331, 2842
1332, 42
1332, 1789
1332, 2049
1332, 2421
1333, 2713
1334, 848
1334, 865
1334, 1970
1334, 2240
1335, 767
1335, 2538
1336, 240
1336, 1106
1336, 1197
1336, 1268
1336, 1475
1336, 1724
1336, 2115
1337, 714
1337, 1097
1337, 1679
1337, 1963
1337, 2376
1338, 2208
1338, 2970
1339, 475
1339, 1494
1339, 1911
1340, 944
1340, 1258
1340, 2602
1341, 214
1341, 2678
1341, 2938
1342, 449
1342, 735
1342, 814
1342, 2970
1343, 118
1343, 1153
1344, 663
1344, 806
1344, 907
1344, 1282
1344, 2949
1345, 726
1345, 820
1345, 1682
1345, 2417
1346, 795
1346, 1420
1346, 2034
1347, 1319
1347, 1866
1348, 65
1348, 1880
1348, 1894
1348, 2631
1349, 966
1349, 2454
1350, 349
1350, 996
1350, 2342
1350, 2348
1350, 2739
1351, 182
1351, 216
1351, 1752
1352, 404
1352, 444
1352, 1473
1352, 1909
1352, 2211
1352, 2344
1352, 2928
1353, 1400
1353, 2966
1355, 568
1355, 2187
1356, 163
1356, 171
1356, 731
1356, 1106
1356, 1553
1356, 2189
1356, 2922
1357, 2154
1357, 2358
1358, 82
1358, 1547
1358, 2919
1359, 438
1359, 2032
1359, 2995
1360, 1146
1360, 1201
1361, 441
1361, 769
1361, 1110
1362, 797
1363, 186
1364, 48
1364, 426
1364, 1013
1364, 2614
1365, 1120
1365, 2939
1365, 2958
1366, 390
1366, 1629
1367, 1253
1367, 1300
1367, 2578
1368, 80
1368, 1069
1369, 1080
1369, 1631
1369, 1955
1369, 2370
1369, 2971
1370, 406
1370, 975
1370, 2720
1370, 2756
1372, 400
1372, 1312
1372, 2430
1372, 2996
1373, 823
1373, 1532
1373, 2889
1374, 308
1374, 539
1374, 1482
1374, 2204
1374, 2502
1375, 563
1375, 1579
1375, 1926
1375, 2398
1376, 4
1376, 1407
1377, 602
1377, 624
1377, 779
1377, 1057
1377, 1866
1377, 2048
1377, 2214
1378, 887
1378, 1691
1378, 1750
1379, 1004
1380, 62
1380, 2597
1381, 1495
1382, 2595
1382, 2628
1382, 2814
1382, 2948
1383, 711
1385, 2808
1386, 151
1386, 550
1386, 1425
1386, 1898
1387, 1439
1387, 1855
1388, 62
1388, 743
1389, 552
1389, 2514
1390, 472
1390, 1107
1390, 2038
1391, 233
1391, 995
1392, 1708
1392, 2835
1392, 2925
1393, 2363
1393, 2596
1394, 994
1394, 2488
1395, 114
1395, 248
1395, 1896
1396, 663
1396, 988
1396, 1003
1396, 2079
1396, 2844
1397, 718
1397, 790
1397, 816
1397, 1008
1397, 1862
1397, 2179
1398, 877
1399, 533
1399, 2278
1399, 2385
1399, 2612
1400, 809
1400, 856
1400, 1034
1400, 1353
1400, 1820
1401, 2058
1402, 1297
1403, 188
1403, 629
1403, 1035
1403, 1484
1403, 2006
1403, 2872
1404, 860
1404, 1054
1404, 1754
1404, 1952
1405, 1524
1405, 2699
1405, 2986
1406, 617
1406, 2362
1407, 711
1407, 1376
1408, 219
1408, 317
1408, 2959
1409, 187
1409, 2464
1410, 901
1410, 1752
1410, 2482
1411, 1449
1411, 2689
1412, 532
1412, 606
1412, 785
1412, 1309
1413, 1326
1413, 2111
1414, 2318
1417, 2461
1418, 1870
1418, 2408
1419, 1262
1419, 1473
1420, 1346
1420, 1564
1420, 2203
1420, 2404
1421, 784
1421, 929
1421, 2884
1422, 1629
1422, 2125
1423, 49
1423, 2638
1423, 2999
1424, 2482
1425, 36
1425, 1263
1425, 1386
1425, 1999
1426, 725
1426, 1646
1426, 2611
1426, 2731
1427, 859
1427, 992
1428, 1490
1428, 2119
1428, 2220
1429, 416
1429, 1105
1430, 40
1430, 928
1430, 1817
1430, 2312
1430, 2856
1431, 2721
1431, 2726
1432, 221
1432, 1940
1433, 283
1433, 2621
1433, 2802
1434, 2433
1435, 652
1436, 48
1436, 1881
1436, 1948
1436, 2295
1436, 2910
1437, 1325
1438, 162
1438, 1832
1438, 2579
1438, 2748
1439, 365
1439, 914
1439, 1387
1439, 2311
1439, 2378
1439, 2877
1440, 1596
1440, 1947
1441, 1471
1441, 1637
1442, 564
1442, 1891
1442, 1986
1442, 2071
1442, 2204
1442, 2655
1443, 162
1444, 512
1444, 654
1444, 713
1444, 924
1445, 47
1445, 1734
1445, 2052
1445, 2222
1446, 53
1446, 1949
1446, 2359
1446, 2718
1447, 206
1447, 1822
1447, 2018
1447, 2588
1447, 2996
1448, 1964
1448, 2324
1449, 916
1449, 1152
1449, 1411
1449, 2918
1450, 2104
1451, 131
1451, 1545
1452, 289
1452, 627
1452, 2814
1453, 2419
1453, 2432
1454, 708
1454, 2289
1454, 2490
1454, 2787
1455, 314
1455, 1005
1455, 2105
1455, 2172
1455, 2516
1455, 2704
1456, 2755
1456, 2812
1456, 2838
1457, 2630
1458, 616
1459, 807
1459, 2441
1460, 576
1460, 797
1460, 1538
1461, 50
1461, 764
1461, 981
1461, 1510
1461, 2263
1462, 1186
1462, 2192
1463, 566
1463, 799
1463, 1329
1463, 2141
1463, 2468
1464, 4
1464, 211
1464, 705
1464, 2094
1464, 2180
1465, 846
1465, 1601
1465, 2132
1465, 2334
1466, 1510
1466, 1823
1466, 2096
1467, 241
1467, 1061
1467, 1276
1467, 1740
1468, 387
1468, 712
1468, 827
1468, 1019
1468, 2061
1470, 143
1470, 459
1470, 1079
1471, 609
1471, 1441
1471, 2913
1472, 670
1473, 1352
1473, 1419
1474, 523
1474, 1613
1474, 2387
1474, 2573
1475, 208
1475, 1336
1476, 727
1476, 799
1476, 895
1476, 2799
1477, 2261
1477, 2542
1478, 31
1478, 2840
1479, 27
1479, 2853
1480, 1646
1480, 1774
1480, 2640
1481, 797
1481, 1862
1482, 661
1482, 726
1482, 1374
1482, 2466
1483, 850
1483, 1208
1484, 1403
1484, 1500
1484, 1503
1484, 2556
1485, 202
1485, 2121
1485, 2823
1486, 485
1486, 2946
1487, 50
1487, 1861
1488, 1915
1488, 2664
1489, 1529
1489, 1574
1489, 2259
1489, 2266
1490, 799
1490, 1428
1490, 1532
1491, 283
1491, 977
1491, 1657
1491, 1906
1492, 2291
1492, 2416
1493, 595
1494, 615
1494, 996
1494, 1257
1494, 1339
1494, 1931
1494, 2639
1495, 511
1495, 822
1495, 1381
1495, 2159
1496, 300
1496, 323
1496, 1813
1497, 262
1497, 2262
1497, 2382
1497, 2734
1497, 2887
1498, 1147
1498, 1675
1499, 264
1499, 301
1499, 2742
1499, 2768
1500, 1119
1500, 1484
1500, 1751
1500, 2657
1500, 2846
1501, 987
1501, 2537
1502, 717
1502, 2973
1503, 1130
1503, 1484
1503, 1864
1503, 2124
1503, 2290
1504, 2328
1504, 2497
1504, 2898
1505, 183
1505, 1114
1505, 1182
1505, 2010
1505, 2885
1506, 2161
1506, 2352
1507, 969
1507, 1896
1508, 392
1508, 738
1508, 1849
1509, 1810
1509, 2570
1510, 1461
1510, 1466
1510, 1866
1511, 2536
1512, 313
1512, 1534
1512, 2303
1512, 2783
1513, 0
1513, 936
1513, 2239
1513, 2262
1514, 354
1514, 919
1514, 1087
1515, 889
1516, 195
1516, 647
1516, 2018
1517, 12
1517, 23
1517, 669
1518, 43
1518, 1562
1518, 1775
1518, 2903
1519, 1524
1519, 1665
1520, 156
1520, 532
1520, 1002
1520, 2939
1521, 1790
1522, 2064
1523, 124
1523, 1127
1523, 2028
1524, 1405
1524, 1519
1525, 715
1525, 2210
1526, 2022
1526, 2935
1527, 2736
1527, 2798
1528, 2559
1529, 1489
1529, 2858
1530, 2531
1530, 2642
1532, 255
1532, 748
1532, 1302
1532, 1373
1532, 1490
1533, 1120
1533, 2027
1533, 2283
1533, 2634
1534, 973
1534, 1512
1535, 119
1535, 503
1536, 499
1536, 1118
1536, 2731
1537, 284
1537, 1253
1537, 1944
1537, 2801
1538, 69
1538, 1460
1539, 535
1539, 1311
1539, 2328
1539, 2737
1540, 31
1540, 183
1540, 1579
1540, 2806
1540, 2836
1541, 315
1541, 1301
1541, 1962
1542, 1560
1542, 2143
1542, 2634
1542, 2722
1543, 1622
1543, 1770
1543, 2306
1543, 2542
1544, 863
1545, 694
1545, 937
1545, 1451
1546, 1629
1547, 959
1547, 1283
1547, 1358
1548, 665
1548, 765
1548, 806
1548, 1681
1549, 661
1549, 2570
1550, 233
1550, 1201
1550, 1980
1550, 2136
1550, 2537
1551, 783
1551, 2466
1553, 1356
1553, 1827
1553, 2802
1554, 2420
1554, 2548
1554, 2992
1555, 280
1555, 1059
1555, 1903
1555, 2670
1556, 307
1556, 458
1556, 1949
1557, 582
1557, 1240
1557, 2184
1558, 1007
1558, 1275
1558, 2179
1558, 2265
1558, 2336
1559, 2850
1560, 1245
1560, 1542
1560, 1958
1560, 2163
1560, 2725
1561, 845
1562, 948
1562, 1047
1562, 1518
1562, 2607
1563, 565
1563, 1210
1563, 2459
1563, 2521
1564, 486
1564, 807
1564, 1281
1564, 1420
1564, 1940
1565, 197
1565, 1657
1565, 1755
1565, 2622
1566, 249
1567, 270
1567, 810
1567, 955
1567, 993
1567, 1058
1567, 1630
1568, 399
1568, 918
1568, 2109
1568, 2230
1569, 599
1570, 543
1570, 2797
1571, 713
1571, 1935
1571, 2315
1571, 2885
1572, 426
1572, 428
1572, 1757
1572, 1768
1573, 2621
1574, 24
1574, 686
1574, 1489
1574, 2925
1575, 1916
1576, 928
1576, 2460
1577, 63
1577, 438
1577, 1277
1578, 101
1578, 1685
1578, 2991
1579, 1047
1579, 1375
1579, 1540
1579, 2630
1580, 1105
1580, 1597
1580, 1838
1580, 2941
1581, 565
1582, 398
1583, 160
1583, 896
1583, 938
1583, 1958
1585, 121
1585, 1102
1585, 1118
1585, 2339
1586, 2554
1587, 1875
1588, 215
1588, 977
1588, 1298
1588, 1607
1589, 703
1589, 2034
1589, 2391
1590, 160
1590, 200
1590, 881
1590, 1234
1591, 243
1591, 689
1591, 1274
1591, 2843
1592, 56
1592, 2628
1593, 32
1593, 464
1593, 2060
1594, 756
1595, 397
1595, 729
1595, 1167
1595, 1650
1595, 2710
1596, 689
1596, 1181
1596, 1440
1596, 2389
1597, 238
1597, 1580
1598, 1048
1598, 2819
1599, 428
1599, 1752
1599, 1784
1600, 32
1600, 493
1600, 1049
1600, 1949
1600, 1987
1601, 1465
1601, 1791
1601, 2269
1601, 2697
1602, 769
1602, 1125
1602, 1828
1603, 518
1603, 1318
1603, 1800
1603, 1870
1603, 2809
1604, 263
1604, 1303
1604, 1613
1604, 2644
1604, 2779
1605, 162
1606, 311
1606, 2090
1607, 436
1607, 1588
1607, 1835
1607, 2174
1608, 347
1609, 224
1609, 378
1609, 1188
1609, 1698
1609, 2702
1609, 2966
1610, 783
1610, 1700
1610, 2250
1610, 2573
1611, 41
1611, 185
1611, 1015
1611, 2909
1611, 2917
1613, 895
1613, 1474
1613, 1604
1613, 2187
1614, 276
1614, 354
1614, 641
1615, 2758
1616, 680
1617, 758
1617, 1230
1617, 2479
1618, 94
1618, 485
1618, 720
1618, 2632
1619, 2873
1620, 75
1620, 940
1620, 2408
1620, 2843
1621, 142
1621, 583
1622, 55
1622, 866
1622, 1543
1622, 2090
1622, 2561
1623, 1738
1623, 1957
1623, 2528
1624, 1215
1624, 2560
1625, 507
1625, 553
1625, 2111
1625, 2460
1625, 2508
1627, 975
1627, 1004
1627, 1891
1627, 2742
1627, 2770
1628, 27
1628, 227
1628, 1675
1628, 1693
1628, 2050
1628, 2640
1629, 862
1629, 1142
1629, 1287
1629, 1366
1629, 1422
1629, 1546
1629, 2650
1630, 1567
1630, 1924
1630, 2698
1631, 1369
1631, 1663
1632, 237
1632, 1192
1632, 1307
1632, 2261
1633, 1309
1633, 2268
1633, 2813
1634, 398
1635, 473
1635, 2846
1636, 2277
1636, 2304
1637, 1441
1637, 1749
1638, 1657
1638, 2022
1639, 1934
1639, 2128
1640, 421
1640, 825
1640, 2365
1641, 1674
1641, 2865
1642, 1320
1642, 1659
1643, 2843
1643, 2980
1644, 693
1644, 989
1644, 2086
1644, 2437
1644, 2495
1645, 815
1645, 874
1645, 1311
1645, 2491
1645, 2619
1646, 394
1646, 1426
1646, 1480
1646, 2508
1647, 643
1647, 1915
1647, 1972
1647, 2614
1648, 2784
1649, 1154
1649, 1669
1649, 1836
1649, 1849
1649, 2842
1650, 177
1650, 1595
1651, 675
1653, 2520
1654, 42
1654, 1814
1655, 2147
1656, 1227
1656, 1912
1657, 804
1657, 1491
1657, 1565
1657, 1638
1657, 1686
1657, 2401
1657, 2984
1658, 1926
1659, 32
1659, 355
1659, 1642
1659, 2855
1660, 1785
1660, 2705
1661, 367
1661, 461
1661, 974
1662, 318
1663, 82
1663, 502
1663, 1080
1663, 1263
1663, 1631
1663, 2144
1664, 300
1664, 1027
1664, 1146
1664, 1940
1665, 1519
1665, 1960
1665, 2589
1666, 201
1666, 2625
1667, 616
1667, 1258
1667, 1917
1668, 310
1668, 332
1668, 2013
1669, 60
1669, 386
1669, 1649
1670, 2636
1671, 1884
1672, 6
1672, 1176
1672, 2100
1672, 2135
1672, 2825
1673, 275
1673, 2807
1674, 1641
1674, 1908
1675, 1498
1675, 1628
1675, 2731
1676, 1784
1676, 2183
1676, 2208
1676, 2395
1677, 1013
1677, 2792
1678, 594
1678, 2549
1679, 741
1679, 949
1679, 1298
1679, 1337
1679, 2558
1680, 1041
1680, 2058
1681, 626
1681, 970
1681, 1548
1681, 2110
1682, 1034
1682, 1182
1682, 1345
1682, 1761
1682, 2143
1682, 2891
1683, 394
1683, 1090
1683, 2242
1684, 2787
1685, 1578
1686, 331
1686, 833
1686, 1086
1686, 1657
1686, 2693
1687, 2373
1689, 175
1689, 1314
1690, 986
1690, 1293
1690, 1944
1690, 2432
1690, 2955
1691, 1378
1692, 82
1692, 1269
1692, 2906
1693, 671
1693, 1628
1693, 1997
1693, 2897
1694, 103
1694, 597
1694, 1039
1694, 1912
1694, 2543
1694, 2949
1695, 104
1695, 649
1696, 517
1696, 611
1696, 2832
1696, 2952
1697, 348
1697, 561
1697, 824
1697, 1734
1698, 1609
1699, 256
1699, 679
1699, 822
1700, 1127
1700, 1610
1700, 2098
1701, 378
1702, 228
1702, 262
1702, 397
1702, 1173
1702, 1793
1702, 2109
1702, 2412
1703, 75
1703, 1169
1703, 1730
1704, 2207
1704, 2744
1705, 347
1705, 1839
1705, 2212
1705, 2446
1705, 2746
1705, 2878
1705, 2948
1706, 594
1706, 2376
1706, 2724
1706, 2940
1707, 9
1707, 533
1707, 2772
1708, 1392
1708, 2335
1708, 2667
1709, 182
1709, 1090
1709, 2934
1710, 70
1710, 1138
1710, 1816
1710, 1941
1710, 2050
1710, 2394
1710, 2963
1711, 384
1711, 977
1711, 2274
1711, 2859
1712, 177
1712, 599
1712, 904
1712, 915
1712, 1224
1713, 561
1713, 1297
1713, 1783
1713, 2612
1714, 867
1714, 2309
1715, 651
1715, 2387
1716, 353
1716, 2255
1717, 535
1717, 1071
1718, 815
1718, 2600
1719, 527
1719, 2040
1719, 2748
1720, 1059
1721, 305
1721, 504
1721, 2297
1722, 2222
1722, 2686
1722, 2757
1723, 597
1724, 1052
1724, 1336
1724, 2492
1724, 2599
1725, 895
1725, 1793
1725, 2189
1725, 2284
1725, 2582
1725, 2722
1727, 607
1727, 1820
1727, 2224
1728, 251
1728, 1316
1728, 2012
1728, 2287
1728, 2463
1729, 160
1729, 362
1729, 615
1729, 881
1729, 1102
1729, 1895
1730, 852
1730, 1703
1730, 2357
1730, 2806
1731, 814
1731, 931
1732, 2509
1734, 1445
1734, 1697
1734, 1870
1734, 1979
1734, 2218
1734, 2936
1735, 2576
1736, 55
1736, 178
1737, 1185
1738, 1623
1739, 2246
1740, 1467
1740, 2369
1740, 2605
1740, 2609
1741, 992
1742, 524
1743, 2535
1744, 682
1745, 718
1745, 1083
1745, 1796
1745, 2320
1745, 2812
1746, 61
1746, 1189
1746, 2281
1746, 2383
1746, 2494
1747, 1966
1747, 2948
1749, 1637
1749, 2006
1750, 450
1750, 1378
1750, 1935
1750, 2025
1750, 2731
1751, 1500
1751, 2426
1752, 1351
1752, 1410
1752, 1599
1753, 1791
1753, 1857
1753, 2162
1753, 2293
1754, 1404
1754, 2361
1754, 2635
1755, 286
1755, 759
1755, 986
1755, 1565
1755, 2342
1755, 2360
1755, 2595
1756, 658
1757, 1572
1757, 1836
1757, 2431
1758, 2442
1759, 1127
1759, 2314
1760, 1222
1760, 2158
1760, 2205
1760, 2248
1761, 1682
1761, 1979
1761, 2312
1762, 808
1762, 942
1762, 1141
1763, 2796
1764, 963
1764, 2042
1764, 2133
1764, 2740
1765, 312
1766, 2179
1766, 2990
1767, 1839
1768, 1572
1769, 233
1769, 854
1769, 2376
1770, 172
1770, 1543
1771, 35
1771, 765
1771, 1149
1771, 1277
1771, 2696
1771, 2739
1772, 358
1773, 492
1773, 1276
1773, 1843
1773, 2826
1774, 1480
1774, 2140
1774, 2409
1774, 2945
1775, 1518
1775, 2600
1776, 520
1776, 1904
1777, 369
1777, 1158
1778, 2095
1778, 2967
1779, 960
1779, 1944
1779, 2384
1780, 2612
1780, 2717
1781, 7
1781, 115
1781, 1257
1781, 2096
1781, 2194
1781, 2962
1782, 164
1782, 211
1782, 2078
1783, 678
1783, 1713
1783, 2667
1783, 2814
1784, 1599
1784, 1676
1784, 1979
1784, 2969
1785, 1037
1785, 1660
1785, 1865
1785, 2411
1786, 1316
1786, 2297
1787, 5
1787, 178
1787, 382
1787, 988
1787, 2765
1788, 445
1788, 700
1788, 2974
1789, 1074
1789, 1332
1790, 862
1790, 1521
1790, 2118
1790, 2578
1790, 2640
1791, 594
1791, 655
1791, 1601
1791, 1753
1791, 2168
1791, 2593
1792, 1212
1793, 884
1793, 1008
1793, 1702
1793, 1725
1793, 2334
1793, 2410
1794, 43
1794, 118
1794, 137
1794, 707
1794, 1133
1794, 1252
1794, 1302
1794, 1829
1794, 2036
1794, 2601
1795, 330
1795, 795
1795, 1971
1795, 2254
1796, 1745
1798, 543
1798, 958
1798, 2981
1799, 2564
1799, 2647
1799, 2680
1799, 2807
1799, 2857
1800, 1198
1800, 1603
1800, 2098
1800, 2210
1800, 2338
1801, 2315
1802, 379
1802, 2244
1802, 2313
1803, 450
1803, 1063
1803, 1179
1803, 1299
1803, 2468
1803, 2638
1804, 528
1804, 1000
1804, 2272
1804, 2982
1805, 459
1805, 1846
1805, 1990
1806, 83
1806, 447
1806, 584
1807, 1081
1808, 299
1808, 1186
1808, 2125
1808, 2883
1809, 621
1809, 838
1809, 869
1809, 2415
1810, 1509
1810, 2274
1810, 2835
1810, 2983
1811, 82
1813, 810
1813, 1130
1813, 1496
1813, 2372
1814, 936
1814, 1071
1814, 1654
1816, 1710
1816, 2620
1817, 1430
1818, 1934
1818, 2261
1818, 2658
1818, 2991
1819, 48
1819, 847
1819, 1287
1819, 2952
1820, 46
1820, 708
1820, 1033
1820, 1172
1820, 1400
1820, 1727
1820, 1829
1820, 2612
1821, 599
1821, 1934
1822, 1447
1822, 2899
1823, 1118
1823, 1202
1823, 1466
1823, 1959
1823, 2381
1824, 2272
1825, 20
1826, 462
1826, 517
1826, 794
1826, 1324
1826, 2065
1827, 776
1827, 1553
1827, 1952
1828, 273
1828, 832
1828, 1602
1828, 1837
1828, 2232
1829, 1014
1829, 1794
1829, 1820
1829, 1873
1829, 2948
1830, 1928
1831, 715
1831, 2011
1832, 1438
1833, 827
1833, 1145
1833, 2541
1834, 240
1834, 648
1834, 2665
1835, 1114
1835, 1607
1835, 1957
1835, 2441
1835, 2749
1836, 87
1836, 311
1836, 1649
1836, 1757
1836, 2263
1837, 846
1837, 943
1837, 1828
1838, 300
1838, 1580
1839, 1705
1839, 1767
1840, 674
1840, 1117
1840, 2290
1841, 2416
1842, 197
1842, 330
1842, 871
1842, 2562
1842, 2815
1843, 1229
1843, 1773
1843, 2062
1844, 232
1844, 1902
1844, 2243
1845, 372
1845, 516
1845, 936
1845, 2021
1846, 435
1846, 503
1846, 565
1846, 1805
1846, 2134
1846, 2957
1847, 258
1847, 565
1847, 2238
1848, 120
1848, 1913
1849, 1508
1849, 1649
1849, 2393
1850, 814
1851, 11
1851, 654
1851, 2236
1851, 2296
1851, 2433
1851, 2625
1853, 147
1853, 2165
1854, 365
1854, 377
1854, 650
1854, 932
1854, 938
1855, 88
1855, 822
1855, 1387
1855, 2701
1855, 2749
1855, 2974
1857, 1753
1858, 473
1858, 987
1858, 2552
1858, 2898
1859, 1170
1859, 2354
1861, 1487
1861, 2160
1861, 2920
1862, 34
1862, 439
1862, 584
1862, 612
1862, 1397
1862, 1481
1862, 2005
1863, 2390
1863, 2932
1864, 1503
1864, 1943
1865, 1785
1866, 432
1866, 1347
1866, 1377
1866, 1510
1868, 150
1868, 2514
1870, 1418
1870, 1603
1870, 1734
1871, 233
1871, 504
1871, 1195
1871, 1915
1871, 2372
1872, 307
1872, 2010
1873, 1829
1874, 2029
1875, 1083
1875, 1587
1875, 1946
1875, 2261
1876, 1301
1876, 2242
1876, 2516
1877, 1946
1877, 2296
1880, 928
1880, 1348
1880, 2627
1881, 32
1881, 557
1881, 691
1881, 1436
1881, 1983
1881, 2667
1882, 764
1882, 827
1882, 2795
1883, 2208
1883, 2886
1884, 1671
1884, 2357
1885, 192
1885, 784
1885, 2574
1885, 2598
1885, 2926
1886, 533
1886, 2693
1887, 14
1887, 1921
1888, 437
1888, 447
1888, 873
1888, 963
1888, 2239
1889, 2275
1889, 2477
1890, 785
1890, 1012
1890, 2934
1891, 1442
1891, 1627
1891, 2090
1891, 2155
1892, 149
1892, 2431
1892, 2848
1894, 1348
1894, 1983
1894, 1992
1894, 2144
1894, 2596
1894, 2987
1895, 1729
1896, 862
1896, 1395
1896, 1507
1896, 2345
1896, 2658
1897, 238
1897, 783
1897, 813
1897, 2649
1898, 1386
1898, 2069
1898, 2703
1899, 1990
1900, 60
1900, 81
1900, 495
1901, 639
1901, 1221
1902, 251
1902, 549
1902, 940
1902, 1844
1902, 2109
1903, 311
1903, 1555
1904, 317
1904, 1776
1904, 2252
1904, 2304
1904, 2997
1906, 1491
1906, 2074
1906, 2208
1906, 2340
1907, 186
1908, 1278
1908, 1674
1908, 1994
1908, 2134
1908, 2672
1909, 835
1909, 1227
1909, 1352
1909, 2068
1909, 2231
1909, 2695
1909, 2710
1910, 263
1910, 991
1910, 2456
1910, 2791
1911, 594
1911, 803
1911, 1049
1911, 1339
1911, 2038
1912, 1656
1912, 1694
1912, 2202
1912, 2751
1913, 1237
1913, 1319
1913, 1848
1914, 2106
1914, 2625
1915, 873
1915, 1488
1915, 1647
1915, 1871
1915, 2193
1916, 429
1916, 540
1916, 1575
1916, 2065
1917, 27
1917, 279
1917, 1117
1917, 1667
1918, 428
1918, 1222
1918, 2434
1918, 2700
1919, 341
1919, 2775
1919, 2829
1920, 2077
1921, 1887
1922, 2350
1923, 818
1923, 2795
1923, 2894
1924, 234
1924, 365
1924, 523
1924, 1630
1925, 90
1925, 692
1926, 1375
1926, 1658
1926, 2800
1927, 2102
1928, 139
1928, 522
1928, 1830
1928, 2131
1928, 2441
1928, 2800
1928, 2931
1929, 1321
1930, 2500
1931, 1494
1931, 2636
1932, 1986
1933, 1241
1933, 2332
1934, 1639
1934, 1818
1934, 1821
1934, 2077
1934, 2222
1934, 2972
1935, 1176
1935, 1264
1935, 1322
1935, 1571
1935, 1750
1935, 2998
1936, 2313
1937, 233
1937, 398
1937, 627
1937, 1250
1938, 474
1938, 1081
1939, 293
1939, 896
1939, 1102
1939, 2171
1939, 2696
1940, 79
1940, 136
1940, 1432
1940, 1564
1940, 1664
1941, 1710
1941, 2109
1942, 530
1942, 1073
1942, 2180
1942, 2943
1942, 2960
1943, 1864
1943, 2141
1944, 398
1944, 505
1944, 768
1944, 1070
1944, 1537
1944, 1690
1944, 1779
1944, 1954
1945, 856
1945, 2379
1946, 810
1946, 1875
1946, 1877
1947, 1272
1947, 1440
1947, 2849
1948, 226
1948, 1436
1948, 1993
1948, 2075
1948, 2371
1948, 2878
1948, 2996
1949, 469
1949, 930
1949, 1145
1949, 1446
1949, 1556
1949, 1600
1949, 2937
1950, 2476
1951, 149
1951, 2867
1952, 419
1952, 1258
1952, 1266
1952, 1317
1952, 1404
1952, 1827
1953, 1038
1953, 1113
1953, 2107
1953, 2919
1954, 196
1954, 1944
1955, 19
1955, 675
1955, 1369
1956, 897
1957, 403
1957, 1623
1957, 1835
1957, 2174
1958, 275
1958, 623
1958, 1560
1958, 1583
1958, 2274
1958, 2595
1959, 1823
1959, 2997
1960, 1665
1960, 2060
1961, 700
1961, 884
1961, 912
1961, 1174
1962, 19
1962, 391
1962, 456
1962, 1541
1962, 2403
1963, 1337
1963, 2125
1964, 92
1964, 285
1964, 578
1964, 1448
1964, 2283
1964, 2677
1964, 2753
1965, 1128
1965, 1171
1965, 1290
1966, 1747
1966, 2965
1968, 2718
1970, 1334
1970, 2970
1971, 252
1971, 762
1971, 800
1971, 1010
1971, 1136
1971, 1795
1972, 902
1972, 1177
1972, 1319
1972, 1327
1972, 1647
1974, 116
1974, 267
1975, 130
1975, 572
1975, 578
1975, 926
1975, 2036
1975, 2331
1976, 1001
1976, 1316
1976, 2342
1976, 2736
1978, 2080
1978, 2705
1978, 2800
1979, 1734
1979, 1761
1979, 1784
1979, 2551
1980, 1550
1980, 2317
1981, 1120
1982, 931
1982, 2935
1983, 411
1983, 657
1983, 1881
1983, 1894
1983, 2978
1984, 869
1984, 902
1985, 931
1985, 2335
1986, 1442
1986, 1932
1986, 2370
1987, 485
1987, 1600
1988, 122
1988, 138
1989, 314
1990, 674
1990, 1022
1990, 1316
1990, 1805
1990, 1899
1991, 426
1991, 1046
1991, 1077
1992, 587
1992, 930
1992, 1044
1992, 1894
1993, 1948
1993, 2645
1993, 2968
1994, 847
1994, 1908
1994, 2851
1995, 142
1995, 814
1995, 2699
1996, 2649
1997, 154
1997, 805
1997, 1111
1997, 1693
1997, 2466
1998, 364
1998, 905
1998, 2485
1998, 2608
1998, 2805
1999, 430
1999, 684
1999, 888
1999, 1425
1999, 2001
1999, 2694
2000, 840
2000, 1030
2000, 2859
2000, 2920
2001, 1050
2001, 1999
2002, 2348
2002, 2750
2004, 2615
2005, 181
2005, 677
2005, 1862
2005, 2814
2006, 614
2006, 649
2006, 1288
2006, 1403
2006, 1749
2006, 2956
2007, 147
2007, 457
2007, 762
2008, 909
2008, 937
2008, 1091
2009, 2384
2010, 302
2010, 1505
2010, 1872
2011, 102
2011, 596
2011, 1831
2011, 2354
2012, 196
2012, 1728
2012, 2779
2013, 679
2013, 1668
2014, 245
2014, 925
2014, 2082
2014, 2420
2014, 2850
2015, 39
2015, 269
2015, 279
2015, 438
2015, 2200
2015, 2558
2016, 214
2016, 2953
2017, 378
2017, 1102
2018, 657
2018, 1084
2018, 1447
2018, 1516
2019, 363
2019, 1280
2019, 2202
2019, 2413
2020, 992
2020, 2241
2020, 2659
2021, 715
2021, 1845
2022, 161
2022, 705
2022, 1526
2022, 1638
2022, 2297
2022, 2750
2023, 926
2023, 2147
2024, 2676
2025, 1750
2025, 2114
2025, 2408
2025, 2511
2026, 2328
2026, 2521
2027, 1533
2027, 2089
2027, 2684
2028, 256
2028, 1196
2028, 1523
2028, 2823
2029, 814
2029, 1874
2029, 2048
2030, 763
2030, 2480
2031, 879
2031, 2598
2032, 1359
2032, 2555
2033, 933
2034, 1346
2034, 1589
2034, 2219
2035, 152
2035, 570
2036, 212
2036, 1794
2036, 1975
2036, 2262
2037, 506
2037, 1054
2037, 1068
2037, 2721
2037, 2981
2038, 822
2038, 1390
2038, 1911
2038, 2357
2038, 2503
2039, 296
2039, 580
2039, 1184
2039, 1323
2040, 345
2040, 1719
2040, 2212
2041, 58
2041, 2415
2041, 2531
2042, 327
2042, 1106
2042, 1764
2042, 2374
2042, 2489
2043, 865
2044, 999
2044, 1226
2046, 650
2047, 446
2047, 682
2047, 1109
2047, 2464
2048, 1291
2048, 1377
2048, 2029
2049, 57
2049, 213
2049, 1332
2050, 1148
2050, 1628
2050, 1710
2051, 372
2051, 533
2052, 159
2052, 672
2052, 818
2052, 1086
2052, 1297
2052, 1313
2052, 1328
2052, 1445
2053, 1325
2053, 2363
2054, 22
2055, 60
2055, 78
2055, 910
2055, 2577
2055, 2815
2056, 2649
2058, 1040
2058, 1210
2058, 1401
2058, 1680
2058, 2384
2058, 2959
2059, 1248
2060, 1593
2060, 1960
2060, 2585
2061, 52
2061, 231
2061, 1083
2061, 1468
2062, 1843
2063, 345
2063, 2710
2064, 640
2064, 1522
2064, 2811
2065, 673
2065, 1826
2065, 1916
2066, 621
2066, 1100
2066, 2823
2067, 1121
2068, 535
2068, 1244
2068, 1909
2068, 2753
2069, 1898
2069, 2918
2070, 478
2070, 2774
2071, 647
2071, 959
2071, 1243
2071, 1442
2071, 2201
2071, 2861
2072, 287
2072, 580
2073, 2864
2074, 567
2074, 633
2074, 710
2074, 1906
2075, 1948
2076, 178
2076, 646
2076, 1203
2076, 2761
2076, 2889
2077, 1920
2077, 1934
2077, 2363
2078, 251
2078, 265
2078, 1782
2078, 2333
2079, 144
2079, 1167
2079, 1396
2080, 520
2080, 1978
2081, 1070
2081, 2358
2082, 336
2082, 1001
2082, 2014
2082, 2334
2082, 2616
2083, 2545
2083, 2615
2084, 72
2084, 810
2086, 1644
2087, 149
2089, 2027
2089, 2600
2090, 170
2090, 500
2090, 1606
2090, 1622
2090, 1891
2090, 2101
2090, 2346
2091, 2883
2092, 151
2092, 589
2092, 2987
2093, 1141
2093, 2794
2094, 1464
2095, 657
2095, 687
2095, 892
2095, 1778
2096, 401
2096, 1466
2096, 1781
2097, 2343
2098, 1045
2098, 1700
2098, 1800
2098, 2792
2098, 2964
2099, 333
2100, 1019
2100, 1672
2100, 2968
2101, 801
2101, 859
2101, 2090
2102, 612
2102, 1927
2103, 513
2103, 762
2103, 2302
2104, 198
2104, 1450
2104, 2170
2104, 2754
2105, 1455
2106, 1914
2107, 1953
2108, 539
2108, 2115
2108, 2532
2109, 227
2109, 1568
2109, 1702
2109, 1902
2109, 1941
2109, 2541
2110, 1681
2111, 242
2111, 1413
2111, 1625
2111, 2272
2111, 2423
2111, 2470
2112, 85
2112, 735
2112, 2699
2113, 643
2113, 2481
2114, 790
2114, 2025
2115, 163
2115, 1336
2115, 2108
2115, 2552
2115, 2695
2116, 911
2116, 2217
2116, 2915
2117, 121
2117, 1209
2118, 188
2118, 1075
2118, 1790
2118, 2510
2118, 2956
2119, 1428
2119, 2561
2120, 1025
2121, 1225
2121, 1308
2121, 1485
2122, 1140
2122, 1154
2122, 2158
2122, 2478
2124, 291
2124, 468
2124, 647
2124, 966
2124, 1141
2124, 1291
2124, 1503
2124, 2295
2125, 164
2125, 642
2125, 1422
2125, 1808
2125, 1963
2126, 2572
2127, 539
2127, 665
2128, 994
2128, 1233
2128, 1639
2128, 2358
2129, 2657
2131, 43
2131, 584
2131, 1928
2131, 2203
2132, 294
2132, 1306
2132, 1465
2132, 2725
2133, 1764
2134, 507
2134, 908
2134, 1846
2134, 1908
2135, 122
2135, 368
2135, 672
2135, 1090
2135, 1672
2136, 914
2136, 1297
2136, 1550
2136, 2279
2136, 2303
2137, 2237
2138, 896
2138, 2887
2138, 2950
2139, 997
2139, 1063
2139, 2385
2140, 142
2140, 395
2140, 1774
2140, 2374
2140, 2790
2141, 1463
2141, 1943
2142, 979
2143, 1253
2143, 1542
2143, 1682
2144, 1663
2144, 1894
2145, 910
2146, 586
2146, 592
2146, 619
2146, 1234
2147, 1655
2147, 2023
2148, 348
2148, 375
2148, 675
2148, 1100
2149, 725
2149, 1135
2149, 2179
2150, 862
2151, 377
2151, 657
2151, 2833
2152, 2881
2153, 938
2153, 961
2154, 236
2154, 389
2154, 1357
2155, 148
2155, 418
2155, 419
2155, 1891
2156, 877
2156, 2384
2157, 828
2157, 1212
2158, 1760
2158, 2122
2158, 2304
2159, 208
2159, 780
2159, 1092
2159, 1495
2159, 2979
2160, 976
2160, 1861
2161, 746
2161, 1506
2161, 2904
2162, 928
2162, 1753
2163, 1560
2163, 2199
2164, 2245
2165, 6
2165, 409
2165, 1853
2165, 2396
2166, 708
2166, 2204
2166, 2215
2167, 972
2167, 1224
2168, 163
2168, 319
2168, 1791
2168, 2406
2168, 2415
2168, 2970
2169, 858
2169, 900
2170, 126
2170, 1129
2170, 2104
2171, 1939
2172, 1455
2173, 223
2173, 1080
2173, 2226
2173, 2393
2173, 2753
2174, 842
2174, 1607
2174, 1957
2175, 2386
2175, 2749
2176, 121
2177, 1038
2177, 1091
2177, 2773
2177, 2828
2178, 319
2178, 601
2178, 1136
2179, 774
2179, 889
2179, 1397
2179, 1558
2179, 1766
2179, 2149
2180, 704
2180, 825
2180, 1464
2180, 1942
2180, 2706
2181, 870
2181, 2539
2181, 2918
2182, 257
2182, 2372
2182, 2495
2183, 866
2183, 1676
2183, 2726
2183, 2859
2184, 1557
2184, 2284
2185, 957
2186, 843
2186, 2845
2187, 1355
2187, 1613
2188, 8
2188, 302
2188, 694
2188, 2333
2189, 660
2189, 1042
2189, 1171
2189, 1356
2189, 1725
2190, 290
2190, 741
2190, 2741
2191, 4
2191, 967
2191, 1315
2191, 2439
2191, 2639
2191, 2673
2192, 416
2192, 1157
2192, 1462
2192, 2707
2192, 2861
2193, 1032
2193, 1915
2194, 294
2194, 1781
2194, 2623
2194, 2836
2195, 105
2196, 136
2196, 872
2197, 192
2197, 1232
2197, 2837
2198, 1191
2199, 526
2199, 883
2199, 2163
2199, 2733
2200, 171
2200, 557
2200, 1125
2200, 2015
2201, 599
2201, 2071
2202, 232
2202, 1912
2202, 2019
2203, 1039
2203, 1235
2203, 1420
2203, 2131
2203, 2489
2204, 577
2204, 1374
2204, 1442
2204, 2166
2204, 2620
2205, 1760
2205, 2276
2205, 2503
2205, 2712
2206, 2465
2207, 1704
2207, 2438
2207, 2479
2208, 234
2208, 309
2208, 323
2208, 1057
2208, 1338
2208, 1676
2208, 1883
2208, 1906
2208, 2478
2209, 643
2209, 733
2209, 2285
2209, 2682
2210, 35
2210, 1181
2210, 1525
2210, 1800
2211, 1352
2212, 36
2212, 1705
2212, 2040
2213, 1135
2214, 1002
2214, 1377
2214, 2950
2215, 367
2215, 799
2215, 2166
2215, 2311
2216, 89
2216, 473
2216, 764
2216, 872
2216, 1001
2216, 2493
2217, 131
2217, 457
2217, 1004
2217, 2116
2217, 2482
2218, 1734
2219, 2034
2220, 325
2220, 1428
2221, 590
2221, 818
2221, 2475
2221, 2633
2222, 1202
2222, 1445
2222, 1722
2222, 1934
2223, 962
2224, 1727
2225, 2622
2225, 2812
2226, 2173
2227, 2264
2227, 2486
2228, 181
2228, 804
2228, 878
2229, 17
2229, 703
2230, 1568
2231, 305
2231, 1909
2231, 2636
2232, 974
2232, 989
2232, 1828
2232, 2500
2232, 2935
2233, 8
2234, 292
2234, 915
2234, 933
2235, 2591
2235, 2783
2236, 485
2236, 946
2236, 1851
2236, 2886
2237, 497
2237, 945
2237, 973
2237, 2137
2237, 2551
2238, 420
2238, 1847
2239, 212
2239, 358
2239, 1513
2239, 1888
2240, 120
2240, 1334
2240, 2680
2240, 2795
2241, 2020
2242, 1683
2242, 1876
2243, 1844
2244, 1108
2244, 1802
2244, 2299
2244, 2987
2245, 152
2245, 2164
2245, 2453
2246, 1739
2246, 2360
2247, 880
2248, 646
2248, 1760
2249, 288
2249, 2725
2250, 76
2250, 1610
2250, 2821
2250, 2922
2252, 1904
2253, 2975
2254, 564
2254, 932
2254, 1795
2254, 2264
2255, 479
2255, 933
2255, 1716
2255, 2430
2255, 2507
2256, 571
2256, 2471
2257, 2333
2258, 929
2258, 2436
2258, 2521
2259, 1297
2259, 1489
2259, 2267
2260, 44
2261, 103
2261, 129
2261, 366
2261, 399
2261, 1477
2261, 1632
2261, 1818
2261, 1875
2262, 622
2262, 767
2262, 1497
2262, 1513
2262, 2036
2263, 306
2263, 1461
2263, 1836
2263, 2546
2264, 782
2264, 1318
2264, 2227
2264, 2254
2265, 31
2265, 335
2265, 1013
2265, 1558
2265, 2408
2266, 1489
2267, 94
2267, 528
2267, 1207
2267, 2259
2268, 40
2268, 173
2268, 487
2268, 1633
2268, 2663
2268, 2690
2269, 1601
2269, 2973
2270, 1245
2271, 384
2271, 991
2272, 411
2272, 991
2272, 1804
2272, 1824
2272, 2111
2272, 2486
2272, 2502
2272, 2735
2273, 2355
2274, 787
2274, 1711
2274, 1810
2274, 1958
2275, 1044
2275, 1102
2275, 1889
2276, 2205
2277, 1070
2277, 1636
2278, 1399
2278, 2981
2279, 1250
2279, 2136
2279, 2505
2279, 2741
2280, 707
2280, 2765
2281, 208
2281, 836
2281, 1746
2283, 570
2283, 1533
2283, 1964
2283, 2419
2283, 2855
2284, 352
2284, 534
2284, 1725
2284, 2184
2284, 2537
2284, 2734
2285, 413
2285, 1268
2285, 2209
2286, 36
2286, 971
2286, 2331
2287, 1020
2287, 1728
2287, 2555
2288, 428
2288, 2544
2288, 2986
2289, 136
2289, 1454
2290, 912
2290, 1245
2290, 1503
2290, 1840
2291, 1492
2292, 286
2292, 409
2293, 1753
2293, 2656
2295, 125
2295, 257
2295, 498
2295, 647
2295, 1436
2295, 2124
2296, 969
2296, 1065
2296, 1240
2296, 1851
2296, 1877
2297, 140
2297, 1721
2297, 1786
2297, 2022
2297, 2940
2298, 205
2298, 2409
2299, 300
2299, 739
2299, 2244
2300, 365
2300, 883
2301, 1212
2302, 997
2302, 2103
2303, 886
2303, 1512
2303, 2136
2303, 2783
2303, 2952
2304, 1636
2304, 1904
2304, 2158
2304, 2436
2304, 2966
2305, 625
2305, 2588
2306, 67
2306, 540
2306, 1543
2306, 2337
2307, 798
2308, 331
2308, 847
2308, 875
2309, 444
2309, 859
2309, 1714
2310, 50
2310, 715
2310, 1048
2310, 2922
2311, 135
2311, 1439
2311, 2215
2311, 2607
2312, 1298
2312, 1430
2312, 1761
2312, 2814
2313, 1802
2313, 1936
2314, 1759
2314, 2739
2315, 1049
2315, 1571
2315, 1801
2315, 2467
2317, 550
2317, 1980
2318, 209
2318, 773
2318, 952
2318, 1286
2318, 1414
2319, 737
2319, 2559
2320, 233
2320, 1745
2320, 2456
2320, 2966
2321, 486
2321, 2562
2322, 403
2322, 788
2322, 2969
2324, 88
2324, 426
2324, 1448
2324, 2816
2325, 527
2325, 764
2325, 884
2325, 2497
2326, 583
2326, 2948
2328, 359
2328, 662
2328, 1504
2328, 1539
2328, 2026
2329, 2353
2331, 19
2331, 1218
2331, 1975
2331, 2286
2331, 2759
2332, 79
2332, 566
2332, 923
2332, 1933
2333, 808
2333, 2078
2333, 2188
2333, 2257
2334, 683
2334, 1465
2334, 1793
2334, 2082
2335, 1077
2335, 1708
2335, 1985
2336, 270
2336, 1558
2337, 398
2337, 570
2337, 897
2337, 2306
2338, 1800
2338, 2484
2339, 1181
2339, 1585
2339, 2613
2340, 168
2340, 1906
2340, 2916
2341, 119
2341, 259
2341, 794
2341, 1008
2342, 41
2342, 697
2342, 1174
2342, 1310
2342, 1350
2342, 1755
2342, 1976
2343, 31
2343, 2097
2344, 1352
2344, 2451
2345, 11
2345, 1001
2345, 1084
2345, 1896
2345, 2762
2346, 2090
2347, 2703
2348, 299
2348, 629
2348, 1350
2348, 2002
2349, 307
2349, 927
2349, 2663
2350, 33
2350, 311
2350, 843
2350, 1922
2351, 939
2351, 2370
2351, 2982
2352, 126
2352, 388
2352, 1506
2353, 33
2353, 925
2353, 2329
2353, 2497
2354, 31
2354, 329
2354, 1231
2354, 1859
2354, 2011
2354, 2939
2355, 335
2355, 2273
2355, 2780
2356, 196
2356, 830
2356, 1033
2357, 630
2357, 1730
2357, 1884
2357, 2038
2358, 737
2358, 977
2358, 1357
2358, 2081
2358, 2128
2358, 2771
2359, 57
2359, 1446
2359, 2842
2360, 1040
2360, 1755
2360, 2246
2361, 1754
2362, 1406
2362, 2720
2363, 1393
2363, 2053
2363, 2077
2364, 263
2365, 9
2365, 1276
2365, 1640
2365, 2454
2366, 2943
2367, 2384
2368, 2809
2368, 2869
2369, 714
2369, 1740
2370, 72
2370, 943
2370, 1115
2370, 1235
2370, 1369
2370, 1986
2370, 2351
2371, 126
2371, 676
2371, 964
2371, 1948
2371, 2805
2372, 299
2372, 781
2372, 1813
2372, 1871
2372, 2182
2373, 110
2373, 289
2373, 1687
2374, 405
2374, 2042
2374, 2140
2376, 681
2376, 1337
2376, 1706
2376, 1769
2377, 658
2377, 1117
2377, 2794
2378, 1439
2379, 101
2379, 296
2379, 1945
2380, 196
2380, 846
2380, 2739
2380, 2862
2381, 629
2381, 738
2381, 928
2381, 1823
2381, 2544
2381, 2952
2382, 216
2382, 615
2382, 1497
2382, 2943
2383, 1131
2383, 1199
2383, 1746
2383, 2522
2383, 2706
2383, 2732
2384, 1259
2384, 1779
2384, 2009
2384, 2058
2384, 2156
2384, 2367
2384, 2522
2384, 2546
2385, 1292
2385, 1399
2385, 2139
2385, 2607
2386, 2175
2386, 2739
2386, 2817
2387, 1474
2387, 1715
2388, 797
2388, 877
2389, 1596
2390, 1863
2390, 2420
2390, 2859
2391, 55
2391, 535
2391, 1589
2391, 2582
2391, 2864
2393, 1096
2393, 1849
2393, 2173
2394, 447
2394, 655
2394, 1710
2394, 2873
2395, 35
2395, 679
2395, 1676
2395, 2470
2396, 285
2396, 2165
2396, 2872
2396, 2984
2397, 301
2397, 2926
2398, 972
2398, 1375
2399, 100
2399, 2843
2399, 2998
2400, 1103
2400, 2699
2401, 253
2401, 368
2401, 1657
2402, 407
2402, 560
2402, 604
2402, 865
2402, 1180
2402, 1260
2403, 856
2403, 887
2403, 1962
2404, 436
2404, 1130
2404, 1420
2405, 571
2405, 1144
2405, 2699
2406, 140
2406, 290
2406, 486
2406, 2168
2406, 2518
2407, 145
2407, 537
2407, 2466
2407, 2945
2408, 1263
2408, 1418
2408, 1620
2408, 2025
2408, 2265
2409, 576
2409, 1223
2409, 1774
2409, 2298
2410, 1793
2411, 949
2411, 1785
2411, 2449
2412, 1702
2412, 2585
2413, 2019
2413, 2427
2413, 2901
2414, 1281
2415, 1809
2415, 2041
2415, 2168
2416, 1492
2416, 1841
2416, 2536
2417, 1345
2417, 2731
2418, 794
2418, 2503
2418, 2533
2419, 326
2419, 1453
2419, 2283
2420, 1013
2420, 1256
2420, 1554
2420, 2014
2420, 2390
2420, 2978
2421, 1080
2421, 1332
2423, 392
2423, 2111
2423, 2707
2424, 314
2424, 935
2424, 2706
2425, 956
2425, 1200
2426, 1260
2426, 1751
2427, 2413
2427, 2857
2428, 399
2428, 937
2429, 130
2430, 835
2430, 873
2430, 1372
2430, 2255
2430, 2589
2431, 98
2431, 126
2431, 1234
2431, 1757
2431, 1892
2431, 2793
2432, 992
2432, 1000
2432, 1453
2432, 1690
2433, 1434
2433, 1851
2434, 1105
2434, 1918
2434, 2912
2435, 2460
2436, 351
2436, 2258
2436, 2304
2437, 236
2437, 600
2437, 1644
2438, 986
2438, 2207
2439, 2191
2439, 2795
2440, 224
2440, 293
2440, 2809
2441, 121
2441, 1459
2441, 1835
2441, 1928
2441, 2613
2441, 2908
2441, 2979
2442, 174
2442, 1758
2442, 2455
2444, 1045
2444, 2692
2444, 2716
2445, 343
2446, 1705
2448, 535
2448, 584
2448, 1182
2449, 1195
2449, 2411
2450, 232
2450, 428
2451, 130
2451, 946
2451, 2344
2452, 605
2452, 2833
2453, 1107
2453, 1323
2453, 2245
2454, 1073
2454, 1349
2454, 2365
2455, 2442
2455, 2819
2456, 1134
2456, 1910
2456, 2320
2457, 2957
2458, 2688
2458, 2842
2459, 701
2459, 1165
2459, 1563
2460, 1576
2460, 1625
2460, 2435
2461, 46
2461, 284
2461, 1417
2462, 385
2463, 441
2463, 1728
2464, 724
2464, 1018
2464, 1409
2464, 2047
2464, 2510
2465, 834
2465, 1170
2465, 1183
2465, 2206
2465, 2981
2466, 452
2466, 1482
2466, 1551
2466, 1997
2466, 2407
2467, 2315
2467, 2929
2468, 655
2468, 1308
2468, 1463
2468, 1803
2468, 2636
2468, 2865
2469, 386
2470, 44
2470, 357
2470, 882
2470, 2111
2470, 2395
2471, 342
2471, 2256
2472, 455
2473, 135
2474, 38
2474, 53
2474, 276
2474, 790
2474, 836
2474, 898
2475, 424
2475, 2221
2476, 1950
2476, 2587
2477, 25
2477, 1889
2478, 533
2478, 2122
2478, 2208
2479, 447
2479, 1617
2479, 2207
2479, 2510
2479, 2858
2480, 250
2480, 294
2480, 1097
2480, 2030
2481, 2113
2482, 167
2482, 1410
2482, 1424
2482, 2217
2482, 2572
2483, 182
2484, 208
2484, 575
2484, 2338
2484, 2586
2485, 726
2485, 906
2485, 1214
2485, 1998
2486, 785
2486, 804
2486, 2227
2486, 2272
2486, 2637
2487, 117
2487, 352
2487, 2882
2488, 1394
2488, 2892
2489, 17
2489, 1128
2489, 2042
2489, 2203
2490, 231
2490, 1294
2490, 1454
2491, 468
2491, 731
2491, 1645
2491, 2687
2492, 1724
2493, 650
2493, 2216
2494, 1746
2494, 2655
2494, 2679
2495, 1644
2495, 2182
2495, 2738
2495, 2754
2496, 514
2496, 1254
2496, 2714
2497, 535
2497, 1504
2497, 2325
2497, 2353
2497, 2928
2498, 232
2498, 2522
2499, 292
2499, 850
2499, 984
2500, 803
2500, 966
2500, 1930
2500, 2232
2501, 148
2502, 550
2502, 1374
2502, 2272
2503, 644
2503, 935
2503, 2038
2503, 2205
2503, 2418
2505, 696
2505, 1171
2505, 2279
2506, 57
2506, 2823
2507, 681
2507, 2255
2508, 1625
2508, 1646
2509, 700
2509, 1732
2509, 2730
2509, 2740
2509, 2849
2509, 2933
2510, 62
2510, 681
2510, 1193
2510, 2118
2510, 2464
2510, 2479
2510, 2756
2510, 2785
2511, 2025
2511, 2951
2512, 567
2513, 1318
2514, 1389
2514, 1868
2514, 2671
2514, 2815
2515, 58
2516, 779
2516, 1159
2516, 1455
2516, 1876
2517, 2842
2518, 2406
2518, 2567
2519, 807
2519, 947
2519, 2796
2520, 1292
2520, 1653
2521, 434
2521, 1563
2521, 2026
2521, 2258
2522, 401
2522, 817
2522, 2383
2522, 2384
2522, 2498
2523, 463
2523, 647
2524, 2771
2525, 272
2525, 373
2525, 2723
2526, 281
2526, 764
2527, 851
2527, 2647
2527, 2717
2527, 2986
2528, 1623
2529, 95
2530, 92
2530, 370
2530, 480
2530, 996
2530, 1276
2531, 861
2531, 1530
2531, 2041
2532, 2108
2532, 2607
2533, 296
2533, 614
2533, 1163
2533, 2418
2534, 2794
2535, 270
2535, 1743
2536, 566
2536, 1511
2536, 2416
2536, 2772
2536, 2824
2537, 313
2537, 1501
2537, 1550
2537, 2284
2538, 709
2538, 1335
2538, 2904
2539, 370
2539, 402
2539, 2181
2539, 2726
2540, 2666
2540, 2753
2541, 895
2541, 1259
2541, 1833
2541, 2109
2542, 1477
2542, 1543
2543, 788
2543, 1694
2543, 2720
2544, 117
2544, 230
2544, 2288
2544, 2381
2545, 2083
2546, 2263
2546, 2384
2546, 2690
2548, 1164
2548, 1554
2549, 772
2549, 1678
2550, 732
2550, 795
2550, 2858
2551, 481
2551, 625
2551, 1979
2551, 2237
2552, 835
2552, 1858
2552, 2115
2553, 345
2554, 1586
2555, 2032
2555, 2287
2556, 1040
2556, 1294
2556, 1484
2557, 1013
2558, 390
2558, 1679
2558, 2015
2559, 198
2559, 1209
2559, 1528
2559, 2319
2559, 2945
2560, 684
2560, 1624
2560, 2986
2561, 855
2561, 1622
2561, 2119
2561, 2929
2562, 702
2562, 981
2562, 1842
2562, 2321
2563, 15
2564, 304
2564, 1799
2565, 1063
2566, 69
2566, 403
2566, 2726
2567, 2518
2567, 2818
2568, 607
2569, 1242
2569, 2857
2570, 1509
2570, 1549
2571, 1039
2572, 467
2572, 2126
2572, 2482
2572, 2999
2573, 856
2573, 992
2573, 1474
2573, 1610
2574, 590
2574, 1229
2574, 1885
2574, 2764
2575, 766
2575, 1028
2575, 1250
2575, 2813
2576, 261
2576, 458
2576, 593
2576, 958
2576, 1171
2576, 1299
2576, 1735
2577, 259
2577, 371
2577, 2055
2577, 2855
2577, 2869
2578, 151
2578, 947
2578, 1367
2578, 1790
2578, 2810
2579, 59
2579, 314
2579, 666
2579, 691
2579, 1438
2581, 1015
2582, 779
2582, 785
2582, 1000
2582, 1725
2582, 2391
2583, 2875
2584, 455
2584, 661
2585, 2060
2585, 2412
2586, 596
2586, 796
2586, 2484
2586, 2903
2587, 789
2587, 2476
2588, 1144
2588, 1447
2588, 2305
2589, 550
2589, 1665
2589, 2430
2589, 2853
2589, 2950
2591, 2235
2592, 426
2592, 453
2592, 2710
2593, 214
2593, 1007
2593, 1141
2593, 1791
2594, 2653
2595, 545
2595, 708
2595, 886
2595, 1223
2595, 1382
2595, 1755
2595, 1958
2596, 132
2596, 1393
2596, 1894
2596, 2835
2596, 2971
2597, 1019
2597, 1287
2597, 1380
2597, 2666
2598, 326
2598, 338
2598, 439
2598, 945
2598, 1315
2598, 1885
2598, 2031
2599, 1724
2600, 1718
2600, 1775
2600, 2089
2601, 644
2601, 1794
2602, 118
2602, 167
2602, 1156
2602, 1340
2603, 879
2603, 1204
2603, 2872
2604, 738
2604, 1136
2605, 567
2605, 678
2605, 1740
2605, 2952
2606, 863
2606, 1093
2607, 758
2607, 1562
2607, 2311
2607, 2385
2607, 2532
2607, 2682
2608, 697
2608, 825
2608, 1998
2609, 990
2609, 1195
2609, 1740
2609, 2657
2610, 132
2610, 375
2610, 1272
2610, 1280
2610, 2832
2611, 470
2611, 1157
2611, 1426
2612, 96
2612, 477
2612, 778
2612, 1399
2612, 1713
2612, 1780
2612, 1820
2613, 496
2613, 756
2613, 844
2613, 2339
2613, 2441
2614, 775
2614, 828
2614, 1364
2614, 1647
2615, 41
2615, 2004
2615, 2083
2616, 1170
2616, 2082
2617, 572
2617, 1139
2617, 1317
2618, 2808
2619, 1645
2620, 230
2620, 699
2620, 996
2620, 1082
2620, 1816
2620, 2204
2621, 1433
2621, 1573
2621, 2769
2622, 471
2622, 1112
2622, 1565
2622, 2225
2623, 614
2623, 1241
2623, 2194
2624, 2864
2625, 1666
2625, 1851
2625, 1914
2627, 1880
2628, 1303
2628, 1382
2628, 1592
2628, 2816
2629, 2956
2630, 518
2630, 957
2630, 1457
2630, 1579
2631, 1348
2632, 1618
2633, 69
2633, 2221
2634, 1012
2634, 1533
2634, 1542
2635, 533
2635, 1101
2635, 1754
2635, 2850
2635, 2938
2636, 793
2636, 1670
2636, 1931
2636, 2231
2636, 2468
2637, 2486
2637, 2729
2637, 2877
2638, 1423
2638, 1803
2638, 2846
2639, 1494
2639, 2191
2640, 1066
2640, 1480
2640, 1628
2640, 1790
2642, 1530
2642, 2996
2643, 199
2643, 1086
2644, 1604
2645, 309
2645, 469
2645, 1030
2645, 1993
2646, 28
2646, 1179
2647, 416
2647, 1799
2647, 2527
2648, 1259
2649, 744
2649, 1253
2649, 1897
2649, 1996
2649, 2056
2650, 1304
2650, 1629
2651, 685
2651, 1096
2653, 2594
2655, 1442
2655, 2494
2656, 1309
2656, 2293
2657, 1500
2657, 2129
2657, 2609
2657, 2813
2658, 718
2658, 924
2658, 1818
2658, 1896
2659, 577
2659, 765
2659, 2020
2659, 2737
2660, 213
2661, 308
2661, 370
2663, 341
2663, 2268
2663, 2349
2664, 108
2664, 370
2664, 375
2664, 1488
2665, 531
2665, 974
2665, 1169
2665, 1834
2665, 2696
2666, 961
2666, 2540
2666, 2597
2667, 66
2667, 1087
2667, 1708
2667, 1783
2667, 1881
2668, 343
2669, 319
2669, 2781
2670, 329
2670, 937
2670, 1555
2670, 2871
2671, 2514
2672, 190
2672, 801
2672, 1131
2672, 1287
2672, 1908
2672, 2703
2673, 139
2673, 984
2673, 1065
2673, 2191
2673, 2850
2674, 472
2674, 2835
2675, 524
2675, 660
2675, 2679
2676, 514
2676, 1156
2676, 2024
2676, 2942
2677, 1081
2677, 1964
2678, 192
2678, 902
2678, 1032
2678, 1341
2679, 2494
2679, 2675
2680, 281
2680, 643
2680, 696
2680, 862
2680, 1234
2680, 1799
2680, 2240
2681, 69
2681, 642
2681, 2708
2681, 2862
2682, 576
2682, 688
2682, 947
2682, 1138
2682, 2209
2682, 2607
2682, 2713
2683, 608
2683, 1177
2684, 2027
2684, 2704
2685, 48
2686, 1722
2687, 230
2687, 503
2687, 2491
2688, 1001
2688, 2458
2689, 820
2689, 951
2689, 1411
2690, 994
2690, 2268
2690, 2546
2691, 1138
2692, 964
2692, 2444
2693, 227
2693, 293
2693, 807
2693, 846
2693, 1686
2693, 1886
2694, 1095
2694, 1999
2695, 1184
2695, 1909
2695, 2115
2696, 364
2696, 1771
2696, 1939
2696, 2665
2697, 1601
2697, 2972
2698, 1630
2699, 499
2699, 1405
2699, 1995
2699, 2112
2699, 2400
2699, 2405
2700, 1918
2701, 557
2701, 884
2701, 1024
2701, 1855
2702, 1042
2702, 1609
2703, 696
2703, 1898
2703, 2347
2703, 2672
2704, 56
2704, 265
2704, 330
2704, 682
2704, 1455
2704, 2684
2705, 240
2705, 451
2705, 1167
2705, 1660
2705, 1978
2706, 301
2706, 2180
2706, 2383
2706, 2424
2707, 710
2707, 2192
2707, 2423
2707, 2810
2708, 477
2708, 1127
2708, 2681
2709, 2973
2710, 971
2710, 1038
2710, 1323
2710, 1595
2710, 1909
2710, 2063
2710, 2592
2711, 126
2712, 2205
2713, 1333
2713, 2682
2713, 2965
2714, 688
2714, 1285
2714, 2496
2715, 429
2715, 1201
2716, 52
2716, 240
2716, 2444
2717, 1780
2717, 2527
2718, 1446
2718, 1968
2718, 2991
2719, 158
2719, 728
2719, 2766
2720, 1370
2720, 2362
2720, 2543
2721, 1175
2721, 1431
2721, 2037
2721, 2769
2722, 614
2722, 1251
2722, 1542
2722, 1725
2723, 2525
2724, 977
2724, 1706
2725, 1560
2725, 2132
2725, 2249
2726, 74
2726, 257
2726, 1194
2726, 1431
2726, 2183
2726, 2539
2726, 2566
2727, 1
2727, 62
2727, 2858
2728, 917
2728, 1178
2729, 104
2729, 2637
2730, 471
2730, 841
2730, 2509
2731, 578
2731, 1426
2731, 1536
2731, 1675
2731, 1750
2731, 2417
2732, 250
2732, 563
2732, 2383
2733, 760
2733, 2199
2734, 834
2734, 1497
2734, 2284
2735, 2272
2736, 1527
2736, 1976
2737, 670
2737, 1539
2737, 2659
2738, 2495
2739, 124
2739, 470
2739, 1350
2739, 1771
2739, 2314
2739, 2380
2739, 2386
2740, 250
2740, 426
2740, 1764
2740, 2509
2741, 1077
2741, 2190
2741, 2279
2742, 1314
2742, 1499
2742, 1627
2744, 1704
2745, 941
2745, 966
2746, 1267
2746, 1705
2747, 43
2747, 726
2747, 760
2748, 299
2748, 302
2748, 1438
2748, 1719
2749, 920
2749, 1835
2749, 1855
2749, 2175
2750, 41
2750, 380
2750, 603
2750, 2002
2750, 2022
2751, 425
2751, 1912
2753, 1024
2753, 1084
2753, 1964
2753, 2068
2753, 2173
2753, 2540
2753, 2838
2754, 199
2754, 270
2754, 2104
2754, 2495
2755, 21
2755, 1456
2756, 811
2756, 1370
2756, 2510
2757, 230
2757, 1329
2757, 1722
2757, 2833
2758, 113
2758, 178
2758, 656
2758, 1615
2759, 2331
2760, 820
2761, 29
2761, 960
2761, 2076
2762, 2345
2763, 1164
2763, 1285
2763, 2793
2764, 653
2764, 2574
2765, 97
2765, 581
2765, 1271
2765, 1787
2765, 2280
2765, 2981
2766, 43
2766, 995
2766, 1312
2766, 2719
2766, 2895
2767, 30
2767, 32
2767, 672
2767, 1117
2768, 585
2768, 1499
2769, 313
2769, 2621
2769, 2721
2769, 2875
2770, 409
2770, 1627
2771, 643
2771, 2358
2771, 2524
2771, 2775
2772, 1707
2772, 2536
2773, 71
2773, 2177
2773, 2956
2774, 29
2774, 378
2774, 2070
2775, 447
2775, 1302
2775, 1919
2775, 2771
2776, 662
2776, 797
2777, 607
2777, 637
2777, 1121
2778, 1041
2778, 2964
2778, 2981
2779, 284
2779, 882
2779, 1604
2779, 2012
2780, 150
2780, 500
2780, 585
2780, 2355
2781, 42
2781, 733
2781, 2669
2781, 2873
2782, 481
2782, 1205
2783, 704
2783, 883
2783, 1512
2783, 2235
2783, 2303
2784, 1648
2785, 2510
2785, 2953
2786, 206
2786, 392
2787, 36
2787, 816
2787, 1454
2787, 1684
2790, 97
2790, 2140
2790, 2984
2791, 110
2791, 116
2791, 281
2791, 464
2791, 1910
2792, 200
2792, 556
2792, 1677
2792, 2098
2793, 877
2793, 2431
2793, 2763
2794, 2093
2794, 2377
2794, 2534
2795, 228
2795, 1165
2795, 1882
2795, 1923
2795, 2240
2795, 2439
2795, 2851
2796, 460
2796, 1763
2796, 2519
2797, 1570
2798, 851
2798, 1147
2798, 1263
2798, 1527
2799, 460
2799, 817
2799, 989
2799, 1021
2799, 1476
2800, 1926
2800, 1928
2800, 1978
2801, 27
2801, 162
2801, 1152
2801, 1537
2801, 2812
2801, 2927
2802, 1433
2802, 1553
2803, 2849
2804, 35
2805, 263
2805, 1998
2805, 2371
2806, 1540
2806, 1730
2807, 1006
2807, 1673
2807, 1799
2808, 1385
2808, 2618
2809, 1253
2809, 1603
2809, 2368
2809, 2440
2810, 402
2810, 2578
2810, 2707
2811, 146
2811, 337
2811, 765
2811, 2064
2812, 1031
2812, 1163
2812, 1456
2812, 1745
2812, 2225
2812, 2801
2813, 1633
2813, 2575
2813, 2657
2813, 2884
2813, 2908
2814, 1382
2814, 1452
2814, 1783
2814, 2005
2814, 2312
2815, 59
2815, 1278
2815, 1842
2815, 2055
2815, 2514
2815, 2924
2816, 2324
2816, 2628
2816, 2881
2817, 91
2817, 562
2817, 2386
2817, 2824
2818, 2567
2819, 760
2819, 1598
2819, 2455
2821, 5
2821, 434
2821, 2250
2822, 810
2822, 826
2823, 371
2823, 1485
2823, 2028
2823, 2066
2823, 2506
2824, 326
2824, 2536
2824, 2817
2824, 2935
2825, 1672
2826, 1773
2827, 414
2827, 980
2827, 1289
2828, 2177
2829, 1919
2829, 2888
2830, 54
2831, 139
2831, 491
2831, 798
2831, 1258
2831, 1319
2832, 1190
2832, 1696
2832, 2610
2833, 807
2833, 896
2833, 2151
2833, 2452
2833, 2757
2834, 1184
2835, 98
2835, 919
2835, 964
2835, 1392
2835, 1810
2835, 2596
2835, 2674
2836, 102
2836, 1216
2836, 1540
2836, 2194
2837, 318
2837, 2197
2838, 91
2838, 763
2838, 1456
2838, 2753
2839, 606
2839, 977
2840, 291
2840, 1478
2841, 101
2841, 1313
2842, 22
2842, 237
2842, 256
2842, 1063
2842, 1331
2842, 1649
2842, 2359
2842, 2458
2842, 2517
2843, 319
2843, 724
2843, 1591
2843, 1620
2843, 1643
2843, 2399
2844, 389
2844, 961
2844, 1151
2844, 1396
2845, 2186
2846, 451
2846, 1500
2846, 1635
2846, 2638
2847, 496
2847, 920
2847, 1123
2848, 38
2848, 1892
2849, 1947
2849, 2509
2849, 2803
2850, 504
2850, 1559
2850, 2014
2850, 2635
2850, 2673
2851, 1994
2851, 2795
2852, 519
2853, 261
2853, 328
2853, 1479
2853, 2589
2854, 347
2854, 620
2854, 2905
2855, 263
2855, 466
2855, 698
2855, 752
2855, 1659
2855, 2283
2855, 2577
2855, 2971
2855, 2978
2856, 199
2856, 1152
2856, 1430
2857, 1799
2857, 2427
2857, 2569
2858, 648
2858, 1091
2858, 1180
2858, 1529
2858, 2479
2858, 2550
2858, 2727
2859, 939
2859, 1048
2859, 1711
2859, 2000
2859, 2183
2859, 2390
2860, 344
2860, 441
2861, 2071
2861, 2192
2862, 787
2862, 2380
2862, 2681
2863, 193
2863, 938
2863, 1108
2864, 2073
2864, 2391
2864, 2624
2865, 381
2865, 1205
2865, 1641
2865, 2468
2865, 2898
2866, 16
2867, 1951
2868, 756
2868, 861
2868, 2966
2869, 1130
2869, 2368
2869, 2577
2869, 2924
2870, 79
2870, 490
2871, 2670
2872, 789
2872, 1403
2872, 2396
2872, 2603
2873, 672
2873, 1619
2873, 2394
2873, 2781
2874, 282
2875, 156
2875, 2583
2875, 2769
2877, 1439
2877, 2637
2878, 399
2878, 1705
2878, 1948
2879, 153
2879, 184
2880, 108
2880, 501
2880, 1303
2881, 2152
2881, 2816
2882, 685
2882, 2487
2883, 1808
2883, 2091
2884, 1318
2884, 1421
2884, 2813
2885, 216
2885, 1119
2885, 1505
2885, 1571
2886, 773
2886, 1883
2886, 2236
2887, 1497
2887, 2138
2888, 2829
2888, 2997
2889, 590
2889, 834
2889, 1096
2889, 1373
2889, 2076
2890, 1326
2891, 540
2891, 1682
2891, 2911
2891, 2993
2892, 869
2892, 2488
2894, 1923
2895, 891
2895, 1006
2895, 2766
2896, 1084
2897, 1693
2898, 787
2898, 1504
2898, 1858
2898, 2865
2899, 182
2899, 447
2899, 1822
2900, 180
2900, 858
2900, 1178
2901, 46
2901, 2413
2901, 2976
2902, 757
2903, 1063
2903, 1187
2903, 1518
2903, 2586
2904, 230
2904, 753
2904, 2161
2904, 2538
2905, 33
2905, 2854
2906, 1692
2907, 370
2907, 592
2908, 582
2908, 1016
2908, 2441
2908, 2813
2909, 198
2909, 1082
2909, 1611
2910, 119
2910, 165
2910, 955
2910, 1436
2911, 181
2911, 201
2911, 685
2911, 1007
2911, 1048
2911, 2891
2912, 2434
2913, 676
2913, 1471
2914, 454
2915, 2116
2916, 198
2916, 555
2916, 851
2916, 2340
2917, 128
2917, 1091
2917, 1306
2917, 1611
2918, 1449
2918, 2069
2918, 2181
2919, 475
2919, 1358
2919, 1953
2920, 540
2920, 985
2920, 1861
2920, 2000
2921, 133
2922, 1356
2922, 2250
2922, 2310
2924, 328
2924, 2815
2924, 2869
2925, 412
2925, 787
2925, 810
2925, 1392
2925, 1574
2926, 666
2926, 744
2926, 1885
2926, 2397
2927, 220
2927, 367
2927, 906
2927, 2801
2928, 1352
2928, 2497
2929, 2467
2929, 2561
2930, 630
2930, 788
2931, 82
2931, 313
2931, 1928
2931, 2985
2932, 449
2932, 1863
2933, 2509
2934, 448
2934, 648
2934, 1709
2934, 1890
2935, 689
2935, 1189
2935, 1526
2935, 1982
2935, 2232
2935, 2824
2936, 110
2936, 520
2936, 1015
2936, 1734
2937, 1949
2938, 1341
2938, 2635
2938, 2970
2939, 26
2939, 1080
2939, 1365
2939, 1520
2939, 2354
2940, 354
2940, 1218
2940, 1706
2940, 2297
2941, 1580
2942, 1119
2942, 2676
2943, 100
2943, 1942
2943, 2366
2943, 2382
2944, 683
2944, 852
2945, 792
2945, 1231
2945, 1774
2945, 2407
2945, 2559
2946, 1486
2947, 313
2948, 592
2948, 1382
2948, 1705
2948, 1747
2948, 1829
2948, 2326
2949, 474
2949, 1344
2949, 1694
2950, 2
2950, 2138
2950, 2214
2950, 2589
2951, 83
2951, 155
2951, 2511
2952, 973
2952, 1696
2952, 1819
2952, 2303
2952, 2381
2952, 2605
2953, 208
2953, 2016
2953, 2785
2954, 156
2954, 355
2954, 808
2954, 1054
2955, 1690
2956, 101
2956, 578
2956, 2006
2956, 2118
2956, 2629
2956, 2773
2957, 1846
2957, 2457
2958, 1365
2959, 1019
2959, 1200
2959, 1408
2959, 2058
2960, 144
2960, 522
2960, 1942
2961, 531
2961, 1133
2961, 1136
2962, 1192
2962, 1781
2963, 1710
2964, 1005
2964, 2098
2964, 2778
2965, 869
2965, 1966
2965, 2713
2966, 1353
2966, 1609
2966, 2304
2966, 2320
2966, 2868
2967, 790
2967, 1282
2967, 1320
2967, 1778
2968, 1000
2968, 1993
2968, 2100
2969, 1784
2969, 2322
2970, 405
2970, 499
2970, 842
2970, 1338
2970, 1342
2970, 1970
2970, 2168
2970, 2938
2971, 259
2971, 342
2971, 623
2971, 692
2971, 845
2971, 1258
2971, 1369
2971, 2596
2971, 2855
2972, 1229
2972, 1934
2972, 2697
2972, 2981
2973, 1502
2973, 2269
2973, 2709
2973, 2991
2974, 199
2974, 1788
2974, 1855
2975, 49
2975, 1140
2975, 2253
2976, 1102
2976, 2901
2977, 689
2977, 1243
2978, 1003
2978, 1106
2978, 1983
2978, 2420
2978, 2855
2979, 2159
2979, 2441
2980, 1268
2980, 1643
2981, 1295
2981, 1798
2981, 2037
2981, 2278
2981, 2465
2981, 2765
2981, 2778
2981, 2972
2982, 1804
2982, 2351
2983, 1810
2984, 1657
2984, 2396
2984, 2790
2985, 1011
2985, 2931
2986, 74
2986, 964
2986, 1405
2986, 2288
2986, 2527
2986, 2560
2987, 1894
2987, 2092
2987, 2244
2988, 385
2988, 609
2990, 726
2990, 1766
2991, 126
2991, 140
2991, 1578
2991, 1818
2991, 2718
2991, 2973
2992, 167
2992, 1554
2993, 619
2993, 2891
2994, 796
2995, 242
2995, 362
2995, 391
2995, 785
2995, 791
2995, 1359
2996, 350
2996, 1372
2996, 1447
2996, 1948
2996, 2642
2997, 17
2997, 1070
2997, 1180
2997, 1904
2997, 1959
2997, 2888
2998, 422
2998, 1270
2998, 1935
2998, 2399
2999, 600
2999, 1423
2999, 2572
