7,0
2,1
10,2
50,3
25,4
38,5
91,6
77,7
17,8
66,9
30,10
9,11
97,12
81,13
83,14
31,15
52,16
4,17
72,18
64,19
26,20
34,21
61,22
70,23
37,24
32,25
36,26
80,27
20,28
74,29
88,30
22,31
82,32
54,33
75,34
28,35
6,36
85,37
46,38
19,39
24,40
65,41
41,42
63,43
45,44
13,45
0,46
95,47
21,48
78,49
33,50
15,51
49,52
92,53
58,54
47,55
3,56
11,57
43,58
99,59
16,60
86,61
89,62
90,63
96,64
18,65
60,66
53,67
59,68
67,69
42,70
39,71
79,72
27,73
12,74
29,75
55,76
68,77
57,78
62,79
71,80
51,81
48,82
76,83
98,84
44,85
35,86
14,87
73,88
5,89
23,90
8,91
1,92
94,93
69,94
40,95
56,96
84,97
93,98
87,99
