100
46,51,20,47,55,88,85,25,6,65,92,16,3,70,83,35,39,74,66,77,5,53,97,94,18,12,93,71,52,60,62,26,8,0,40,44,9,58,11,95,56,14,63,78,68,38,67,59,27,29,45,4,64,72,98,42,33,50,82,84,48,17,13,89,1,73,43,10,41,54,87,24,2,37,36,99,76,61,96,23,30,75,91,34,49,22,15,79,19,31,81,80,86,32,69,90,21,28,57,7
65,80,91,75,92,51,76,98,63,15,9,89,54,97,85,11,27,6,81,86,56,33,14,26,37,7,50,71,48,28,19,47,43,49,96,23,32,0,17,1,73,10,21,61,25,90,13,69,62,59,3,78,66,41,60,44,87,34,70,93,36,74,24,39,22,77,64,79,68,84,83,94,82,2,57,58,95,99,45,30,12,72,46,88,5,52,20,53,16,35,31,18,38,29,67,4,42,8,40,55
4,1,93,41,65,42,91,54,53,69,95,15,13,11,35,43,17,34,70,25,92,75,31,81,0,2,3,57,7,67,18,71,20,68,87,52,83,22,79,33,38,40,85,56,19,78,59,62,12,39,97,32,89,46,73,88,86,49,27,61,98,63,50,74,36,96,51,48,99,30,8,77,29,64,10,28,44,72,55,45,60,76,21,26,37,66,80,84,6,82,24,94,47,5,9,14,58,16,23,90
86,47,56,21,35,41,10,6,45,94,64,7,42,85,55,12,33,99,9,24,30,18,22,78,53,34,90,5,25,11,66,61,28,62,32,4,72,8,46,73,71,89,27,17,1,58,70,39,31,13,37,76,96,3,69,23,63,65,26,68,77,88,52,16,2,74,36,38,84,29,93,95,92,60,40,51,48,50,0,49,67,59,15,97,82,14,80,43,20,87,44,81,83,91,54,98,19,79,75,57
82,17,40,92,23,36,8,7,88,78,62,84,91,38,53,50,22,69,28,51,31,5,94,0,26,52,85,98,19,48,42,11,59,14,30,90,33,21,35,45,60,72,67,79,24,32,3,77,71,65,37,10,41,58,99,93,73,29,54,57,68,87,25,27,70,12,39,86,13,80,20,61,95,9,47,34,89,43,49,44,2,6,76,75,4,96,46,97,66,74,81,15,55,18,56,1,16,64,63,83
56,96,66,35,89,32,16,38,64,90,27,13,46,97,94,7,47,30,93,70,86,85,10,20,29,19,67,45,60,91,58,15,41,61,95,22,31,4,24,26,69,80,88,78,0,3,92,74,49,17,73,28,44,12,99,81,52,50,48,77,72,18,62,87,36,6,2,65,54,83,63,51,9,39,75,79,8,84,37,21,25,5,59,55,14,53,98,40,23,11,57,42,82,43,76,71,68,34,1,33
93,36,17,2,45,23,10,64,53,43,86,8,58,21,57,26,56,49,28,60,89,99,11,6,61,73,25,69,38,7,46,30,22,31,9,19,77,87,15,84,54,16,34,82,80,42,51,59,41,62,74,32,18,47,29,79,72,70,52,63,75,94,97,37,78,67,12,96,95,20,48,13,85,14,35,4,98,27,44,65,24,5,71,39,3,50,81,55,90,83,0,40,66,33,76,68,92,88,91,1
7,58,36,28,14,11,0,8,76,95,78,48,18,13,38,89,21,2,15,37,80,88,55,52,4,74,16,72,61,40,60,83,86,75,41,10,29,25,32,94,6,30,85,57,71,42,53,82,20,44,68,43,63,12,90,35,24,93,98,62,96,27,3,81,97,1,23,99,56,47,59,9,5,87,51,64,45,91,69,39,84,17,50,73,31,66,92,70,19,26,33,22,79,34,67,65,77,46,49,54
24,27,91,6,98,69,58,61,20,57,5,16,22,49,74,40,39,78,84,47,86,44,53,1,0,26,10,64,38,32,87,4,33,43,56,83,50,80,71,99,34,2,76,35,59,3,15,7,46,92,60,66,19,17,14,97,18,90,73,96,55,54,81,28,37,11,52,70,75,29,85,63,82,21,9,23,93,88,68,94,62,95,79,36,45,13,42,30,31,41,72,25,51,12,89,8,65,48,77,67
60,72,86,46,8,11,28,55,71,62,45,75,14,40,61,77,9,90,37,67,41,49,24,58,91,7,23,51,54,48,44,6,70,88,81,82,87,38,83,56,53,99,21,65,94,50,78,13,98,27,84,5,59,26,17,20,85,29,92,36,42,64,3,76,47,1,18,33,74,2,32,19,96,10,93,95,73,12,4,68,0,35,97,43,15,22,80,63,39,89,79,52,25,31,66,30,34,57,16,69
64,2,60,45,4,65,10,12,62,36,68,54,77,67,70,26,71,96,69,3,31,91,41,1,14,37,58,73,5,34,84,23,51,0,55,6,25,97,7,94,48,72,21,83,35,78,53,33,57,17,79,61,76,29,88,86,15,16,38,24,66,59,47,81,44,49,32,56,50,80,18,19,11,39,42,95,27,20,28,22,40,87,63,46,30,89,9,43,82,92,74,99,75,13,52,93,98,85,90,8
57,72,98,23,92,44,88,85,31,16,99,61,2,71,83,69,38,76,60,19,20,58,7,28,18,55,30,81,36,89,64,75,67,86,56,48,9,97,50,77,94,53,29,82,1,37,35,90,33,51,54,78,66,17,41,26,10,34,95,46,40,12,62,3,70,93,63,87,8,80,45,13,43,5,59,32,74,96,6,39,4,25,0,91,68,15,73,65,52,79,49,21,27,14,22,42,47,24,11,84
74,89,40,57,59,55,94,3,65,14,79,96,84,10,27,11,7,69,47,44,58,51,12,33,1,52,24,28,9,5,99,20,45,23,53,60,87,48,39,86,83,29,43,0,18,70,42,35,68,21,13,46,50,31,82,26,8,88,16,98,38,41,30,66,4,19,63,36,93,72,61,95,92,6,32,76,56,22,73,78,54,34,15,62,80,2,77,75,71,91,97,37,17,64,81,90,25,85,67,49
56,45,49,9,12,50,7,47,93,22,21,55,40,89,51,82,44,17,34,97,60,67,26,62,15,75,72,14,31,80,35,38,41,86,13,61,78,2,65,96,53,91,28,99,20,37,85,27,43,81,84,0,16,83,70,18,68,73,19,36,29,57,66,90,42,10,23,4,95,54,58,46,92,79,24,39,59,77,76,48,71,33,94,64,8,5,52,11,88,63,3,6,1,32,74,87,30,25,69,98
91,43,17,87,16,64,68,99,10,66,14,46,21,96,9,45,70,58,44,23,15,73,40,88,7,1,82,37,53,80,61,31,55,50,36,78,42,54,8,75,48,90,22,92,34,51,11,32,3,76,65,62,71,39,5,30,56,18,59,13,63,29,47,79,83,20,86,57,4,98,72,38,41,95,89,26,49,12,6,84,94,0,74,93,24,25,85,33,77,69,81,27,60,97,19,2,67,28,52,35
73,51,15,63,5,92,60,80,12,77,55,6,33,79,78,84,47,27,49,67,96,94,46,68,19,28,2,29,21,11,26,16,23,52,48,4,74,41,20,53,61,3,10,89,24,30,59,25,76,45,57,97,36,87,85,66,13,40,72,17,86,88,37,38,91,43,39,9,58,98,83,32,35,65,62,93,70,99,42,69,50,71,0,56,1,82,14,31,95,8,44,90,64,7,54,34,18,22,75,81
33,74,24,60,51,72,57,99,5,14,0,46,89,43,97,34,28,67,98,17,75,65,36,41,93,40,73,87,8,88,62,70,80,92,21,58,48,50,3,12,63,44,6,30,16,37,42,82,59,27,76,20,23,96,25,56,94,22,78,95,2,68,61,32,55,13,19,39,77,53,47,7,81,52,15,69,29,18,54,64,85,45,79,90,1,10,26,71,9,11,38,91,66,86,31,49,84,35,83,4
46,8,0,23,20,11,9,41,79,13,68,29,76,38,89,77,54,65,61,72,96,28,44,50,81,34,24,87,67,30,36,69,40,35,64,17,53,82,70,85,60,22,4,73,83,88,45,26,47,71,10,31,74,84,37,86,78,58,91,56,95,49,19,21,14,75,63,1,48,3,55,97,62,7,5,39,80,66,15,51,90,52,42,2,16,92,94,99,27,6,59,33,18,43,32,25,93,57,12,98
48,69,65,63,94,53,83,74,34,38,61,55,84,96,4,73,60,85,90,47,50,51,87,33,76,24,46,49,92,36,91,64,41,12,78,16,2,7,66,45,8,59,57,31,3,21,28,18,82,44,37,9,71,68,10,25,26,19,39,93,88,43,20,62,77,40,54,89,86,11,29,56,15,32,6,35,0,42,1,13,75,30,5,58,72,52,27,17,14,98,79,22,23,81,99,97,80,70,95,67
39,82,44,28,61,38,95,60,3,88,73,80,5,29,93,7,64,92,0,76,59,99,6,79,58,70,56,22,57,86,98,11,77,91,23,12,51,43,85,42,45,33,36,71,83,72,17,90,25,1,52,15,37,81,63,97,2,65,27,66,19,20,94,18,14,96,74,26,67,21,30,34,54,40,53,84,9,55,89,41,69,24,47,75,10,50,49,8,32,68,35,4,78,16,62,46,87,48,31,13
93,56,53,28,6,57,30,19,33,69,1,9,0,73,89,92,29,27,71,31,2,60,48,80,39,64,77,3,55,41,21,91,5,38,96,97,78,47,12,83,61,58,88,44,68,25,94,10,90,84,7,40,75,51,98,35,24,95,99,74,79,14,52,11,4,49,70,85,45,72,76,23,13,81,32,36,26,87,16,50,82,42,8,63,66,65,34,54,43,59,18,86,22,17,37,62,20,15,46,67
48,29,65,73,43,25,40,22,47,67,24,97,87,49,82,13,12,95,33,68,38,86,92,69,37,98,21,56,18,79,58,44,19,54,16,77,59,31,7,42,27,39,52,35,26,99,89,11,72,96,1,28,50,34,10,93,83,3,9,0,64,90,75,94,62,5,91,53,70,30,85,61,45,51,2,20,60,63,57,84,55,80,8,4,81,71,46,32,66,74,36,88,6,23,76,78,15,17,41,14
41,33,66,31,55,72,42,85,43,74,91,47,67,21,65,32,81,27,51,73,8,63,70,57,68,5,3,14,59,1,35,37,45,64,87,7,29,79,0,54,56,71,99,48,80,38,53,62,77,52,34,95,46,97,75,50,78,9,12,39,40,23,96,19,36,92,49,4,58,94,60,6,16,82,44,25,69,89,28,98,93,24,26,83,84,15,11,18,17,88,76,86,20,61,13,90,10,22,2,30
90,22,72,25,40,94,80,11,13,10,38,74,71,89,78,60,66,0,37,97,44,47,4,9,5,79,84,54,39,65,87,95,46,70,34,32,21,27,93,53,81,16,52,56,57,29,30,86,1,50,42,26,18,6,67,12,63,35,41,62,43,85,51,33,91,99,55,15,75,3,31,19,7,2,92,36,14,88,17,73,8,48,77,69,64,82,61,49,24,59,96,45,20,58,68,23,98,28,76,83
40,53,96,29,44,17,74,88,42,46,73,52,19,13,60,91,85,32,66,56,37,8,64,70,4,58,98,62,90,72,16,26,33,69,5,48,97,54,78,2,89,35,22,45,7,12,93,47,9,67,11,21,15,0,30,57,75,65,31,39,10,82,24,23,50,38,95,55,41,77,6,92,14,36,18,1,79,81,20,25,86,63,76,99,49,68,87,28,61,83,27,34,94,84,71,43,3,51,80,59
90,83,4,76,10,63,31,78,68,34,44,20,30,98,17,99,2,58,65,84,7,8,22,79,75,18,26,61,36,59,13,43,45,57,93,80,29,6,66,62,74,92,42,48,81,72,53,50,86,47,21,49,39,55,67,0,87,35,16,97,95,1,73,51,70,41,71,77,32,25,5,33,11,46,96,9,69,3,54,38,15,85,94,56,23,60,88,52,40,82,28,64,89,14,19,12,37,24,91,27
79,11,7,84,20,2,4,51,55,65,9,48,83,64,35,32,90,22,97,67,77,39,17,61,12,72,53,52,75,47,92,33,3,41,10,94,46,49,96,25,78,71,56,24,73,58,15,8,6,31,21,16,27,5,89,28,69,95,59,44,98,66,30,38,37,91,93,34,26,86,88,63,29,68,85,76,50,81,13,40,70,54,1,14,42,43,60,62,87,0,57,18,74,82,99,45,36,23,19,80
18,45,15,84,42,31,52,11,73,23,76,28,64,5,90,93,9,58,99,53,55,34,39,89,54,37,36,65,87,61,85,97,16,47,0,43,56,25,86,38,72,63,13,4,26,59,7,24,33,75,8,48,68,79,17,35,14,67,96,1,19,32,83,94,51,12,10,82,74,80,66,50,3,98,27,60,62,78,70,22,77,92,2,91,30,71,44,46,20,57,40,21,95,88,81,69,49,29,6,41
93,63,9,35,70,65,1,36,68,57,71,15,58,45,72,99,42,7,78,53,10,77,84,85,31,30,59,3,48,56,73,0,50,2,98,40,11,83,55,97,94,75,14,92,41,80,49,90,13,47,67,86,61,54,66,32,52,18,23,5,12,76,64,29,95,96,27,69,74,20,21,33,38,51,60,91,37,44,17,16,8,34,26,28,25,62,4,87,82,6,88,39,79,19,46,24,89,43,22,81
56,45,12,43,66,75,32,47,72,65,73,7,2,28,91,81,99,48,52,87,57,15,58,76,29,36,86,79,17,42,61,39,70,30,14,55,9,96,23,78,11,83,93,64,80,89,50,62,1,98,20,63,34,38,41,25,85,84,44,31,88,54,13,24,69,92,68,67,40,51,10,8,33,77,71,35,18,27,6,53,22,60,59,95,74,90,3,21,82,19,49,4,46,16,0,37,94,97,5,26
53,12,10,21,41,98,7,52,74,9,1,65,77,94,50,81,76,17,85,93,89,87,6,58,78,44,92,51,45,75,55,57,96,22,70,25,59,4,28,49,47,3,63,61,60,35,23,88,40,8,66,95,19,90,69,68,72,73,16,31,43,42,30,14,0,71,80,62,64,67,29,54,18,37,56,34,20,39,91,84,2,79,99,15,26,27,32,46,33,36,83,38,11,97,24,5,13,48,86,82
22,9,24,15,66,78,64,52,36,8,92,65,49,67,89,93,57,79,34,97,13,76,7,75,90,86,2,87,83,6,5,71,69,42,16,74,37,63,17,91,43,38,31,41,99,18,46,33,27,26,19,3,39,29,50,77,1,44,60,48,28,51,21,40,20,80,68,94,0,84,98,47,61,56,70,59,62,54,10,58,73,96,14,35,4,85,32,11,82,72,23,53,30,88,55,81,12,95,25,45
62,72,25,54,10,74,22,77,21,64,43,55,27,98,45,2,52,96,8,94,39,65,86,88,1,51,18,40,69,85,36,42,15,93,12,30,57,92,79,44,11,56,0,70,76,89,73,63,71,17,19,59,75,99,47,32,66,46,53,4,80,28,23,83,67,29,97,95,14,58,5,49,7,35,84,13,41,81,16,20,60,87,37,50,33,78,34,26,68,48,90,38,3,91,61,82,31,9,6,24
96,94,50,38,71,52,21,88,28,68,7,62,83,80,75,65,31,49,19,47,91,3,99,15,40,12,14,60,6,16,5,54,59,25,79,82,0,20,97,95,39,29,70,57,11,32,24,51,26,33,93,64,4,45,13,23,35,56,46,30,1,76,86,22,66,58,85,89,63,27,92,73,69,2,42,8,72,9,84,87,34,18,43,44,53,41,98,67,10,17,36,77,81,37,48,78,90,55,61,74
80,59,74,21,98,11,45,49,22,46,83,99,16,13,3,50,37,69,55,58,60,43,86,63,39,97,42,85,30,54,47,75,53,56,4,48,18,68,12,0,14,73,71,70,35,23,94,90,66,57,87,27,24,33,64,81,1,92,2,77,61,32,6,40,31,36,26,62,95,8,88,82,38,67,9,34,29,52,17,51,96,7,91,79,84,89,44,19,10,25,5,93,41,65,72,76,28,15,20,78
62,86,67,51,21,2,15,28,83,85,9,91,57,8,44,17,37,14,72,25,65,77,48,7,60,5,42,95,96,3,80,36,49,18,89,94,88,93,0,32,78,63,45,39,24,79,12,47,59,99,84,56,98,35,82,54,31,68,58,23,10,29,6,40,41,90,1,4,43,11,61,22,69,64,97,50,71,66,38,92,70,16,34,52,13,74,81,73,76,20,87,26,30,27,19,33,46,75,55,53
32,65,61,99,73,15,6,75,33,76,52,11,84,90,60,51,26,27,38,42,70,87,12,13,23,18,20,55,91,81,2,21,43,36,58,47,37,82,24,4,78,3,35,40,49,16,1,64,77,97,44,17,5,46,29,7,66,10,9,45,22,57,59,25,89,19,96,62,50,83,94,41,93,71,74,48,0,92,28,86,34,39,30,79,14,85,88,53,56,54,80,8,72,63,68,69,67,31,98,95
6,51,24,38,44,53,91,60,12,19,1,56,47,93,86,11,52,34,10,33,84,48,55,99,83,81,16,40,72,94,59,4,95,92,30,8,73,89,66,90,9,35,79,26,64,3,69,37,62,46,82,50,96,71,41,18,42,28,61,76,22,88,67,49,5,43,2,98,7,74,75,36,97,27,58,29,17,68,65,57,85,13,20,23,39,32,70,45,63,25,21,77,14,31,80,87,0,78,15,54
36,46,72,80,99,98,5,7,76,10,91,42,85,58,12,32,77,24,79,25,75,87,86,57,93,88,96,95,71,0,27,34,3,55,78,70,1,64,73,84,94,90,82,8,17,47,69,33,4,54,2,62,39,6,31,43,48,11,37,38,68,83,81,14,40,97,56,92,18,28,41,50,61,74,45,63,89,53,26,20,44,30,65,22,15,29,66,51,21,9,35,49,13,60,52,19,67,16,59,23
44,20,63,71,56,23,11,69,70,53,6,1,42,48,45,91,34,26,3,17,61,37,54,81,78,15,77,85,52,36,35,39,72,28,94,24,75,97,25,88,29,46,96,7,18,8,93,65,67,49,99,83,82,73,27,92,79,33,80,32,22,4,98,40,57,19,87,31,60,16,86,58,9,41,14,62,89,47,2,38,12,30,13,51,74,95,84,66,21,43,64,55,90,50,5,59,10,0,68,76
34,47,6,85,65,95,77,39,56,40,76,10,31,58,5,37,21,89,18,86,99,26,74,64,29,1,2,50,53,42,48,79,24,87,75,7,14,80,32,78,81,0,60,33,35,23,61,8,91,96,82,59,22,36,90,68,49,15,62,92,72,94,28,51,70,43,83,46,9,52,25,41,54,30,20,71,97,27,38,12,57,98,67,73,17,66,19,45,55,13,11,16,4,88,63,3,69,44,84,93
53,65,37,61,75,72,15,96,46,32,59,58,47,42,79,22,87,88,70,98,39,30,16,21,45,50,44,3,68,13,10,52,81,7,78,2,33,94,9,35,82,90,38,60,27,43,0,18,25,49,64,40,5,51,67,4,6,69,83,19,56,89,99,12,63,24,62,28,26,48,71,74,57,77,8,1,11,54,93,14,91,20,92,36,84,34,85,95,86,17,41,97,31,29,23,55,73,76,80,66
70,28,23,8,25,1,89,75,33,97,20,46,40,67,69,10,48,94,41,13,18,19,78,82,58,15,64,43,51,53,47,93,66,49,52,11,61,86,63,3,38,81,95,62,31,9,87,14,50,72,32,4,71,85,35,59,17,98,99,24,56,29,96,92,83,39,60,34,76,91,37,77,57,73,22,30,54,65,6,88,5,90,74,45,79,68,42,36,16,21,55,12,80,0,27,7,2,44,26,84
92,58,72,87,33,28,18,99,79,20,95,65,37,6,39,88,81,12,54,84,59,75,10,69,46,38,93,78,34,9,57,86,30,80,61,73,47,8,62,44,68,14,24,85,26,49,2,22,60,1,91,40,56,11,90,15,42,67,76,71,25,17,48,96,35,29,98,94,0,13,63,16,50,3,21,55,53,36,77,52,4,64,31,27,97,19,89,5,66,70,41,23,43,51,82,83,74,7,45,32
9,78,8,4,48,85,29,91,32,5,1,11,31,36,76,83,86,41,90,92,2,89,23,99,59,68,81,43,77,95,46,63,40,62,7,55,75,3,26,24,30,45,42,84,50,33,96,20,56,72,65,12,80,19,25,58,69,60,98,73,70,79,34,37,52,54,51,94,53,71,6,93,39,14,67,82,47,57,87,74,61,44,0,15,18,21,27,22,66,16,10,13,17,97,38,49,88,35,28,64
44,84,81,3,77,11,93,55,6,28,51,29,25,73,63,15,96,31,49,14,38,59,99,82,50,43,27,78,58,34,87,35,46,64,60,19,86,67,30,80,37,97,4,57,65,76,42,89,13,71,72,88,48,12,26,9,83,21,16,53,52,91,85,0,8,45,33,98,22,47,10,74,75,92,41,39,70,61,36,7,94,1,17,90,20,2,69,32,66,18,5,54,95,68,79,62,40,23,24,56
38,68,83,13,45,54,59,25,5,58,71,34,19,27,49,2,16,96,12,78,43,85,17,26,79,3,62,61,15,77,64,8,73,50,74,67,9,23,84,18,6,53,14,7,94,1,0,99,28,66,89,93,55,95,44,20,70,69,86,4,60,37,92,52,39,87,10,41,48,80,56,29,32,21,72,31,76,81,22,97,51,36,35,40,90,11,75,63,65,82,30,88,42,57,98,47,33,46,91,24
57,67,92,46,55,89,11,79,37,25,74,35,43,52,84,91,56,32,20,80,71,0,78,12,86,39,94,81,42,40,10,50,13,59,95,68,8,44,22,62,87,23,96,75,53,36,47,83,28,69,48,30,66,72,49,16,14,1,51,4,54,97,98,90,82,3,31,21,45,2,5,41,7,85,70,9,34,99,58,63,65,60,33,6,38,77,93,73,18,76,17,15,64,61,24,26,27,19,29,88
94,82,52,98,64,32,57,74,7,27,9,95,39,8,50,70,12,99,16,72,97,73,49,80,3,47,44,78,21,56,90,1,0,25,58,35,62,29,22,93,26,63,18,59,43,84,40,75,96,46,15,66,41,54,20,13,89,68,67,53,86,30,87,19,51,60,6,17,92,5,61,24,33,31,85,77,36,23,4,83,76,91,88,71,65,11,10,45,55,38,2,69,79,14,81,34,37,28,48,42
98,19,52,86,32,11,87,71,5,25,73,75,39,56,61,36,89,65,80,8,66,68,44,46,26,23,50,31,4,76,27,13,97,42,94,59,45,81,28,17,62,79,67,93,7,60,47,10,38,83,85,3,77,49,54,55,1,34,48,78,18,35,64,96,57,84,88,12,69,63,9,58,29,72,95,21,70,40,30,22,99,43,33,16,41,24,37,90,2,82,6,91,20,0,15,74,51,92,14,53
35,6,14,28,8,24,39,12,58,95,23,65,3,41,40,31,45,51,87,90,15,46,72,94,50,91,48,53,80,30,5,52,60,19,70,47,76,93,75,71,99,13,16,20,78,62,97,22,21,10,25,0,84,27,36,67,56,37,63,68,38,44,26,55,29,83,86,4,88,17,7,57,73,98,74,43,42,81,82,79,85,18,32,54,96,77,2,61,89,9,11,66,1,59,92,49,34,64,69,33
81,63,3,72,8,34,20,42,88,0,2,94,95,5,59,31,80,41,6,61,74,44,9,67,11,35,78,29,51,4,85,47,93,77,87,25,60,65,54,73,28,22,7,71,36,56,13,84,15,49,98,62,89,16,90,66,12,97,14,70,69,23,38,55,76,19,10,1,50,68,18,30,45,58,40,57,26,83,39,86,52,43,33,27,37,48,99,92,64,91,82,17,53,75,46,79,32,21,96,24
16,11,50,86,53,96,1,89,9,69,8,57,36,2,19,67,92,93,28,51,32,15,23,75,21,38,99,59,31,77,26,68,81,97,74,62,18,91,79,56,84,65,42,64,6,17,83,73,63,88,41,14,90,58,22,0,72,98,71,3,54,34,61,25,60,49,78,10,95,12,87,13,82,39,29,46,76,30,45,47,40,24,52,48,35,66,20,33,5,70,55,94,43,27,85,37,80,7,4,44
77,86,24,17,4,67,54,60,59,41,69,62,37,35,90,42,88,29,68,13,85,57,5,52,96,2,50,70,23,94,11,39,10,21,6,45,19,34,22,97,87,74,51,20,14,1,32,8,25,0,82,73,78,53,43,38,44,28,47,71,92,30,89,18,48,80,64,31,99,56,26,93,95,79,63,7,76,27,49,33,3,40,46,61,66,75,58,15,16,91,9,55,65,36,81,83,72,12,84,98
33,1,78,88,31,69,62,54,65,92,84,3,5,0,13,51,48,49,2,81,47,96,98,76,39,79,50,4,12,36,11,66,23,10,72,21,75,7,68,60,61,45,15,8,34,63,73,18,37,64,41,89,71,40,55,93,86,38,97,91,44,27,58,83,87,25,17,32,57,9,19,35,95,14,67,29,28,90,56,24,22,70,26,52,77,80,59,82,6,99,42,30,20,85,53,16,43,94,46,74
66,99,93,76,54,17,68,18,4,85,63,82,0,29,80,55,12,73,34,21,75,67,78,45,46,35,60,58,98,50,44,83,26,77,39,43,65,6,30,28,13,84,51,70,59,25,92,49,20,8,91,27,40,5,86,62,56,33,22,97,72,88,19,79,24,89,64,94,87,90,57,37,10,16,81,32,71,31,52,61,74,53,42,11,9,23,95,15,69,7,47,14,1,96,36,2,3,41,48,38
96,92,65,39,12,47,53,66,40,74,59,41,62,70,7,95,98,77,44,21,51,20,50,55,5,32,9,11,19,94,88,27,34,29,15,48,26,2,82,35,67,23,60,90,22,54,8,18,0,3,31,84,25,36,28,68,83,73,49,38,17,42,76,87,52,75,69,6,93,89,10,85,24,61,46,16,37,30,64,4,81,63,45,43,57,91,71,56,1,58,97,99,13,78,79,86,80,33,72,14
50,78,85,98,4,27,60,76,18,13,68,61,10,0,83,95,37,44,47,75,8,64,21,9,33,43,84,90,25,55,2,73,74,63,97,69,86,17,72,30,79,38,96,71,42,3,16,32,28,53,7,31,26,82,51,88,57,11,12,41,14,91,34,20,66,35,81,93,70,22,49,77,89,1,6,87,52,58,36,29,80,15,92,67,5,46,40,54,48,99,45,19,56,94,62,24,23,59,39,65
91,68,83,56,54,52,71,44,20,62,31,98,19,70,10,3,87,49,38,65,72,51,16,34,14,48,96,5,99,69,64,9,28,22,21,88,86,29,42,33,92,0,15,53,75,47,81,32,55,78,45,80,18,24,67,40,17,61,59,12,8,90,77,46,89,35,27,57,13,43,23,95,30,26,66,11,94,7,39,50,58,63,76,93,60,79,85,36,74,37,82,25,4,73,84,1,2,97,41,6
68,75,96,77,0,70,97,30,12,49,87,3,54,14,47,52,31,48,85,40,17,67,59,7,26,66,65,71,44,29,11,99,76,88,33,19,79,80,37,86,60,1,13,41,72,32,24,21,18,95,25,78,92,15,10,84,94,42,5,89,90,93,81,73,62,38,4,98,57,51,46,83,39,8,45,34,91,64,61,35,9,23,53,27,82,16,63,55,56,6,58,43,69,50,36,74,2,20,28,22
35,33,41,66,19,15,99,51,3,55,30,96,43,68,26,88,94,46,16,71,56,89,95,79,98,5,1,70,50,63,78,32,21,40,2,12,44,31,84,90,36,7,67,83,4,62,74,61,91,58,64,76,8,0,80,87,10,97,29,25,53,52,82,45,22,65,85,39,20,75,24,9,18,93,28,73,13,86,38,27,17,34,60,47,77,23,48,72,69,37,6,11,59,92,57,14,42,54,81,49
43,22,6,84,77,21,19,39,71,94,1,85,41,92,8,13,11,4,36,15,31,2,76,68,37,27,20,97,32,24,87,52,38,86,59,14,63,18,57,66,17,73,0,23,82,12,67,62,45,3,64,48,98,7,58,26,72,34,28,25,75,46,30,60,5,16,53,9,56,93,55,44,40,51,91,74,81,80,35,33,99,96,79,95,29,54,47,42,65,61,69,10,89,83,88,70,49,90,50,78
54,88,72,16,22,20,28,83,69,79,3,67,33,15,12,50,36,93,98,37,60,17,66,63,40,77,92,5,41,75,76,97,46,74,81,73,27,90,47,58,87,1,45,48,23,30,57,31,13,85,71,64,94,7,49,62,52,59,99,96,0,65,29,14,61,86,78,26,2,25,56,19,35,10,24,70,44,21,38,43,34,32,68,11,8,95,80,39,4,9,53,91,55,51,89,82,18,84,6,42
43,67,36,39,49,72,74,52,7,63,82,69,10,40,77,95,45,78,64,73,24,8,84,20,41,89,3,58,19,62,29,97,6,53,23,93,88,27,25,17,90,46,71,51,81,31,85,86,44,11,80,91,92,22,16,47,94,70,59,35,66,54,5,2,34,1,48,26,79,14,33,30,65,60,83,68,96,75,15,37,0,21,57,4,56,13,99,12,98,28,9,55,76,61,50,42,38,87,18,32
69,1,19,13,83,96,80,42,0,12,17,72,21,37,98,4,33,15,99,29,49,24,9,55,22,26,38,62,23,61,48,97,89,11,79,70,93,60,77,40,66,71,31,87,36,16,75,44,78,92,82,27,2,73,52,41,91,10,88,8,14,43,65,47,25,54,64,7,35,81,5,74,18,45,95,94,58,86,56,51,84,76,85,53,39,30,57,3,67,32,6,34,28,63,59,20,90,68,50,46
70,41,31,74,6,94,59,88,5,26,84,69,56,93,80,87,50,34,82,37,20,15,64,42,18,72,55,66,32,79,13,47,96,29,0,4,36,89,52,99,85,11,54,1,39,8,81,90,10,95,3,73,48,43,30,46,16,25,22,7,71,24,21,23,78,60,83,75,49,65,63,17,2,97,92,40,35,19,67,62,53,61,77,33,12,91,27,28,45,57,86,76,38,98,51,9,44,58,68,14
82,9,20,59,41,80,10,17,1,42,33,73,2,94,63,95,7,44,31,65,11,81,36,68,88,18,74,58,27,98,43,54,97,85,48,35,61,39,52,77,21,90,75,46,89,64,28,4,79,8,6,99,25,14,70,91,50,66,16,29,47,76,92,3,37,53,67,56,32,38,15,72,83,55,84,62,93,57,51,26,34,49,12,96,71,5,30,19,45,87,13,22,78,0,40,23,24,69,86,60
69,46,98,86,63,15,25,30,13,78,80,8,21,28,70,27,99,37,4,61,73,74,88,60,68,94,83,0,87,23,45,26,18,53,66,31,41,59,95,82,11,76,3,48,79,57,71,40,20,93,43,19,10,2,54,33,91,90,1,9,58,47,89,5,6,97,84,52,42,64,75,35,38,7,67,62,14,72,22,49,81,56,32,36,50,77,65,55,44,24,39,96,12,51,85,92,17,16,29,34
31,69,47,77,82,23,57,58,10,89,32,14,43,81,41,60,62,15,38,73,83,13,50,93,88,59,70,63,35,49,28,72,19,44,85,18,87,97,26,6,5,29,53,67,12,78,74,7,99,55,68,21,2,3,95,54,66,34,4,71,20,42,52,76,11,80,33,22,51,16,64,27,94,61,46,8,96,25,17,91,0,36,92,86,30,37,48,9,79,39,75,1,84,90,56,65,24,40,45,98
45,6,92,63,43,28,94,81,98,65,36,22,40,87,54,12,55,8,44,11,30,24,19,83,93,31,7,74,50,70,67,37,61,33,59,2,85,47,39,82,57,91,34,1,41,42,96,79,13,51,64,32,77,80,0,68,90,52,27,18,25,66,17,15,26,58,84,5,95,76,21,4,73,86,9,99,53,16,29,14,48,69,60,38,46,49,23,71,62,35,97,88,20,78,56,3,89,10,75,72
23,78,36,82,17,2,27,58,70,3,34,8,69,31,52,54,41,71,24,91,95,46,35,22,76,61,29,90,9,59,33,79,5,13,43,64,45,96,83,93,49,73,50,77,80,15,97,30,44,74,89,37,16,21,42,72,81,85,86,56,98,25,99,87,53,62,14,57,1,48,68,60,6,75,4,55,19,0,88,28,51,10,18,47,11,39,7,84,67,12,20,32,92,94,40,26,65,63,66,38
72,6,32,49,80,62,36,48,25,34,65,88,8,50,15,39,61,69,21,10,30,29,40,17,23,13,46,84,96,31,58,85,9,77,67,78,5,47,20,2,57,89,86,27,22,99,59,63,75,42,16,95,41,73,76,60,82,74,51,97,92,81,98,91,14,45,54,19,28,55,68,70,35,79,56,44,33,87,1,53,66,71,18,12,26,43,83,90,7,11,94,93,3,38,24,64,37,4,52,0
82,18,33,22,92,15,37,21,44,32,70,4,84,53,35,90,36,48,29,34,61,31,72,81,54,49,85,26,58,55,27,40,71,51,9,91,95,45,47,6,76,8,5,94,23,41,39,17,74,96,13,46,69,24,11,1,60,0,66,59,2,42,88,65,78,73,99,89,56,75,30,64,68,80,43,79,52,25,50,57,38,83,63,86,16,77,14,93,97,10,7,62,98,28,20,87,67,3,12,19
50,11,14,23,88,94,96,66,35,2,20,78,8,65,82,75,30,46,55,4,91,19,70,56,43,29,10,33,79,58,93,21,63,77,27,12,1,34,52,83,36,15,99,3,86,74,49,44,37,48,92,42,98,90,17,54,6,39,45,68,51,81,57,59,0,16,60,72,32,22,53,41,13,76,80,64,28,24,7,61,62,95,40,69,26,84,73,5,89,97,9,47,25,87,85,31,18,67,38,71
29,50,69,21,33,87,46,36,2,23,71,9,83,39,73,53,81,92,70,42,68,12,99,64,90,11,67,1,57,17,76,63,35,19,79,26,82,0,65,89,72,16,31,55,28,51,18,85,77,8,6,40,84,37,98,86,30,14,49,80,38,95,3,94,91,45,62,58,24,4,66,47,48,22,75,88,61,74,25,93,59,60,41,34,13,20,54,56,96,97,10,7,32,52,43,78,44,5,15,27
28,11,67,24,98,34,37,32,84,65,42,94,9,97,40,93,78,41,83,31,23,4,71,64,66,88,35,75,7,43,47,6,51,12,55,77,14,33,21,17,53,89,5,74,44,10,81,57,22,96,58,60,49,25,99,2,95,86,16,72,56,8,27,26,39,76,80,92,36,61,90,62,85,18,45,68,59,48,13,15,54,1,30,73,29,19,38,79,82,70,52,63,50,0,20,69,3,91,46,87
5,83,30,49,47,86,69,80,15,60,22,13,44,89,71,39,78,14,87,21,72,38,10,40,90,79,57,51,6,70,11,36,17,77,25,56,43,95,45,85,68,76,75,9,7,55,61,73,52,58,33,66,27,42,64,82,37,31,4,28,35,20,97,34,50,65,94,32,91,62,59,2,74,0,16,98,12,84,99,53,92,54,3,8,18,81,1,88,48,46,19,63,67,23,29,26,96,41,93,24
7,62,95,58,41,65,15,47,9,81,91,18,25,72,13,39,59,85,40,79,66,12,93,34,3,44,54,67,69,20,0,24,53,16,1,84,27,31,89,92,57,35,86,61,11,45,88,6,87,46,98,28,78,97,80,64,56,74,8,60,94,26,51,50,71,21,70,30,83,19,37,99,23,96,2,68,43,36,5,63,49,82,14,90,38,17,4,76,42,22,48,52,10,33,32,29,73,77,75,55
66,27,49,46,62,74,31,96,65,2,67,54,3,95,80,13,79,32,11,1,57,33,64,93,91,28,72,22,12,14,50,55,45,9,78,99,63,8,34,21,17,10,41,51,38,44,15,59,84,43,6,90,20,77,76,48,53,18,61,88,92,40,73,7,82,87,69,86,98,35,52,29,36,60,85,30,16,70,97,81,75,56,37,23,58,68,42,26,24,25,19,47,89,94,39,83,5,71,4,0
12,66,24,45,31,54,56,15,34,26,84,72,62,39,53,68,23,20,4,93,83,6,63,27,14,9,99,97,0,40,19,17,58,51,42,16,94,22,81,55,73,25,69,7,86,41,13,98,43,10,96,2,46,49,57,90,64,88,61,80,32,37,65,92,74,60,36,77,3,50,29,82,1,48,79,78,28,76,75,44,30,35,8,87,11,47,33,52,70,71,85,95,5,59,67,91,21,38,89,18
27,17,11,78,28,55,41,94,0,14,38,24,57,5,54,3,56,43,71,93,64,8,95,62,1,30,65,12,36,33,9,87,7,31,99,97,21,34,70,85,67,86,40,39,35,15,61,90,48,2,32,13,50,52,98,79,45,77,49,76,53,84,16,4,42,88,23,47,66,37,74,60,73,18,58,96,75,63,80,6,72,89,10,51,26,92,46,69,44,25,19,83,91,29,82,59,81,20,68,22
82,13,40,30,37,85,62,25,93,73,50,88,64,53,28,7,11,44,9,75,34,61,42,89,29,68,17,56,72,63,32,4,19,52,54,58,87,84,79,92,77,98,21,51,6,65,39,45,81,14,12,26,83,95,27,8,76,23,57,49,86,90,46,41,38,0,35,20,1,99,78,22,47,71,94,55,96,74,69,18,3,31,67,43,5,80,59,66,33,70,60,36,97,48,2,91,15,16,24,10
56,72,59,53,51,32,67,93,2,94,64,63,7,50,20,40,37,15,87,19,28,96,57,55,91,46,89,39,1,29,58,16,9,60,65,34,86,82,81,17,71,43,66,47,83,14,11,44,90,76,22,84,92,45,10,98,6,31,0,8,77,68,78,33,48,97,5,49,52,79,3,42,18,75,88,70,13,24,26,36,30,99,35,21,95,74,54,4,73,23,38,80,25,12,27,61,69,85,62,41
83,99,7,97,38,14,29,42,85,75,13,70,92,81,20,4,59,28,9,62,45,6,24,87,65,63,8,19,95,84,64,71,34,80,74,41,12,90,35,76,73,96,44,23,2,66,77,33,88,22,16,98,17,0,51,91,56,52,67,10,11,3,69,57,94,78,5,50,48,72,89,21,37,47,43,39,15,46,61,79,30,36,53,26,25,32,55,82,93,1,54,68,40,86,58,18,31,27,49,60
31,75,97,82,3,5,27,72,88,58,13,71,57,50,20,8,33,30,9,73,95,29,46,34,44,47,15,83,23,25,79,98,65,77,74,41,81,39,80,62,51,37,16,86,10,76,6,67,1,53,54,11,26,32,22,52,68,92,69,55,90,66,18,94,17,45,89,14,61,43,7,64,84,4,87,19,70,99,48,49,40,42,35,96,24,60,78,2,85,36,59,0,28,12,93,91,38,56,63,21
41,37,31,81,58,65,12,22,29,73,93,74,38,45,18,39,54,64,36,51,72,3,20,6,27,28,83,95,57,26,40,75,19,44,86,32,1,9,11,34,33,94,67,96,87,25,55,16,97,66,42,5,68,61,84,99,13,90,59,98,4,49,53,2,79,91,50,14,80,24,15,46,35,92,71,70,47,48,21,88,43,63,89,78,7,0,82,56,17,30,76,69,62,10,23,8,85,77,52,60
61,86,70,18,36,16,81,11,6,20,13,74,82,29,19,49,43,75,65,85,58,52,55,73,93,21,53,28,7,4,88,41,9,45,35,42,66,17,72,67,3,12,47,64,33,46,76,23,2,31,32,69,97,59,0,26,87,5,94,22,8,79,96,38,80,62,40,95,27,10,15,56,78,63,48,84,54,37,44,71,50,30,51,90,60,77,92,1,99,83,91,39,57,34,89,25,98,24,68,14
92,97,99,89,34,38,58,63,31,55,14,66,3,54,15,83,50,61,79,35,80,87,82,74,59,70,62,5,2,36,47,77,90,64,94,75,49,27,71,85,17,13,7,24,4,43,39,51,44,52,45,12,72,84,53,88,76,9,21,60,19,56,30,40,67,6,8,91,41,23,33,95,96,1,98,73,11,65,68,57,25,48,93,32,10,20,81,0,42,16,26,46,78,22,69,29,86,28,37,18
49,51,30,81,63,76,26,12,62,50,1,9,69,43,78,22,34,18,41,10,72,24,28,89,73,6,92,17,35,90,23,42,99,29,3,67,52,91,47,44,70,37,32,54,15,65,4,87,85,8,74,33,64,20,80,27,2,61,82,84,86,71,38,13,75,7,0,96,68,40,58,93,83,60,66,39,77,79,14,45,57,53,95,56,94,25,36,21,97,19,11,55,46,88,48,5,31,16,98,59
96,88,72,31,62,5,91,23,15,19,98,46,84,69,49,38,27,57,52,85,34,47,37,81,58,24,55,2,86,13,75,0,99,66,43,92,87,61,70,79,82,65,18,54,44,93,90,59,35,48,71,7,30,78,10,12,39,64,40,73,63,45,21,74,80,17,68,77,14,60,22,36,33,89,51,53,41,83,97,8,20,3,95,94,4,42,56,9,11,28,76,67,1,29,25,6,50,26,32,16
5,45,25,92,47,63,42,43,64,51,80,90,41,91,11,31,59,6,13,8,60,88,97,61,15,94,71,37,99,21,57,73,66,65,52,58,39,62,0,27,10,77,78,98,79,40,69,50,7,4,48,74,93,35,29,96,2,95,44,70,67,32,85,19,68,49,22,23,16,26,83,28,12,82,55,46,30,33,89,17,36,3,24,1,14,72,75,9,86,20,81,53,38,18,56,84,76,54,34,87
31,6,82,4,99,12,53,36,59,0,55,29,1,62,72,84,50,21,2,43,66,79,48,90,39,89,93,65,24,60,49,25,13,87,26,46,61,45,81,92,38,30,75,91,37,33,85,19,47,64,23,51,40,20,69,80,77,74,95,14,96,22,42,44,52,32,88,67,5,35,73,18,86,98,28,16,68,94,41,56,54,83,8,27,3,78,10,17,58,97,57,15,11,63,34,7,71,9,76,70
86,23,52,65,47,27,53,77,89,40,93,38,16,49,10,63,33,81,97,98,5,67,36,4,45,64,42,37,15,21,56,80,11,44,28,69,46,68,6,73,61,74,99,26,85,70,18,3,8,48,7,78,13,92,30,34,35,72,76,55,29,87,43,91,66,19,22,54,96,75,90,83,59,58,32,41,51,17,57,24,94,1,62,20,79,95,39,60,82,31,2,0,25,9,84,12,88,14,71,50
32,98,39,85,77,46,63,19,55,66,29,38,18,56,93,61,87,49,34,35,80,84,45,31,51,1,96,4,90,15,47,6,48,60,88,89,21,65,73,70,37,69,94,40,10,86,24,23,75,28,14,20,44,7,27,97,9,8,71,53,78,42,74,33,67,11,26,91,83,17,12,36,95,50,82,43,5,68,79,41,25,16,81,92,22,13,2,57,62,0,76,64,58,52,30,3,72,59,54,99
72,80,23,64,93,95,56,11,38,29,65,15,89,32,70,62,25,16,90,58,71,31,73,82,40,6,69,10,13,12,9,28,55,86,53,76,49,83,47,8,75,77,36,33,85,88,63,37,21,22,30,84,91,50,57,67,35,52,0,96,92,44,26,45,34,87,42,60,99,61,27,2,78,66,4,51,98,59,81,79,48,43,19,5,46,20,97,7,39,24,94,18,3,68,17,41,54,1,74,14
69,64,44,53,14,38,47,16,83,92,80,56,7,23,61,9,79,98,18,3,17,21,51,41,78,27,58,4,15,11,6,84,96,36,5,72,97,34,67,54,71,91,50,70,99,49,52,13,87,1,74,62,77,37,29,60,55,63,76,25,10,73,85,30,81,95,40,48,26,32,90,88,12,94,65,86,22,19,57,75,42,93,35,2,33,66,89,59,45,82,28,31,24,39,46,8,20,68,0,43
4,97,64,86,3,66,36,45,22,85,72,81,0,20,1,80,44,13,10,24,48,7,65,52,23,84,68,50,54,15,29,33,87,47,25,77,61,78,95,90,83,9,99,5,34,27,74,42,62,67,60,98,76,8,56,11,63,89,31,12,91,18,38,96,82,73,2,39,21,70,55,79,69,19,88,32,37,26,71,53,49,92,59,58,30,16,28,75,17,41,57,46,35,43,94,51,40,6,14,93
12,68,1,79,97,17,32,59,85,65,24,13,0,90,98,75,38,6,23,45,93,69,16,49,39,10,77,19,42,91,5,9,71,2,81,62,51,15,74,99,87,18,31,95,60,94,26,82,89,83,3,50,25,46,73,40,48,58,29,52,34,30,47,11,14,86,80,22,88,54,33,37,92,36,44,61,56,20,70,63,21,57,66,84,64,43,78,67,96,76,27,72,4,8,55,35,41,53,28,7
36,84,44,50,76,87,97,42,20,55,1,37,8,2,64,32,62,52,46,49,6,74,4,63,61,90,18,40,10,91,33,47,93,22,54,29,73,41,24,11,59,88,3,53,13,60,5,65,0,19,7,99,70,16,75,17,89,86,95,78,48,31,21,67,15,72,43,9,77,58,28,98,39,14,69,25,66,82,30,56,23,92,34,12,79,38,35,94,71,85,57,51,68,27,96,26,81,80,45,83
59,17,90,41,5,24,93,15,81,51,7,42,98,80,30,61,21,20,78,55,37,0,56,9,75,46,86,23,89,97,26,76,67,8,48,22,32,94,45,71,77,91,84,68,99,13,74,44,31,87,49,85,66,64,83,33,18,65,88,38,29,63,73,62,11,47,40,69,3,57,54,25,95,36,50,79,4,96,72,70,19,92,39,12,82,52,6,2,43,60,1,34,58,16,35,53,28,10,14,27
