631,0
243,1
673,2
407,3
703,4
590,5
186,6
4,7
190,8
372,9
320,10
898,11
864,12
831,13
632,14
54,15
321,16
690,17
639,18
155,19
890,20
294,21
666,22
655,23
656,24
992,25
567,26
832,27
2,28
482,29
420,30
67,31
996,32
415,33
35,34
907,35
128,36
237,37
385,38
896,39
938,40
605,41
273,42
758,43
441,44
558,45
331,46
709,47
861,48
818,49
319,50
9,51
740,52
230,53
356,54
916,55
101,56
844,57
393,58
892,59
731,60
927,61
643,62
328,63
207,64
107,65
92,66
13,67
806,68
522,69
828,70
839,71
59,72
236,73
762,74
12,75
957,76
269,77
973,78
691,79
557,80
563,81
311,82
722,83
791,84
595,85
754,86
893,87
174,88
324,89
272,90
118,91
777,92
650,93
919,94
295,95
736,96
53,97
920,98
77,99
120,100
399,101
986,102
483,103
815,104
99,105
473,106
163,107
823,108
936,109
511,110
323,111
283,112
583,113
759,114
181,115
825,116
198,117
263,118
141,119
322,120
340,121
371,122
854,123
885,124
38,125
602,126
785,127
660,128
478,129
534,130
616,131
926,132
60,133
18,134
127,135
984,136
547,137
669,138
765,139
581,140
355,141
879,142
964,143
628,144
717,145
630,146
117,147
611,148
742,149
301,150
131,151
634,152
617,153
132,154
749,155
75,156
476,157
713,158
205,159
981,160
194,161
629,162
244,163
677,164
489,165
993,166
769,167
377,168
820,169
29,170
702,171
980,172
811,173
70,174
280,175
192,176
676,177
745,178
147,179
401,180
468,181
403,182
500,183
607,184
873,185
116,186
133,187
229,188
880,189
292,190
974,191
764,192
487,193
646,194
995,195
560,196
663,197
344,198
291,199
78,200
114,201
768,202
214,203
592,204
209,205
636,206
546,207
853,208
739,209
394,210
110,211
623,212
405,213
953,214
671,215
172,216
566,217
52,218
430,219
730,220
426,221
562,222
358,223
760,224
200,225
391,226
253,227
336,228
905,229
6,230
578,231
499,232
449,233
39,234
86,235
241,236
250,237
274,238
64,239
412,240
983,241
266,242
390,243
683,244
433,245
697,246
889,247
103,248
564,249
36,250
353,251
798,252
137,253
293,254
951,255
45,256
884,257
431,258
956,259
465,260
188,261
644,262
958,263
26,264
27,265
179,266
771,267
327,268
378,269
923,270
267,271
49,272
641,273
925,274
364,275
505,276
675,277
242,278
952,279
755,280
30,281
924,282
788,283
684,284
608,285
452,286
877,287
61,288
146,289
238,290
718,291
576,292
497,293
665,294
834,295
184,296
223,297
987,298
435,299
21,300
343,301
972,302
408,303
173,304
633,305
436,306
918,307
423,308
392,309
122,310
723,311
176,312
753,313
254,314
34,315
613,316
300,317
966,318
1,319
865,320
575,321
111,322
411,323
210,324
240,325
589,326
868,327
637,328
440,329
812,330
461,331
338,332
159,333
325,334
891,335
115,336
975,337
545,338
220,339
485,340
438,341
585,342
359,343
817,344
367,345
932,346
510,347
308,348
348,349
653,350
370,351
848,352
866,353
735,354
342,355
568,356
604,357
624,358
262,359
523,360
965,361
619,362
491,363
232,364
968,365
737,366
299,367
206,368
620,369
268,370
705,371
859,372
862,373
712,374
858,375
573,376
942,377
700,378
790,379
84,380
74,381
886,382
417,383
150,384
373,385
969,386
168,387
678,388
593,389
335,390
904,391
519,392
10,393
11,394
914,395
80,396
870,397
488,398
876,399
895,400
795,401
516,402
587,403
165,404
649,405
143,406
894,407
874,408
779,409
404,410
57,411
88,412
418,413
138,414
277,415
326,416
627,417
549,418
189,419
826,420
193,421
609,422
517,423
162,424
180,425
648,426
459,427
382,428
672,429
222,430
413,431
259,432
153,433
658,434
682,435
603,436
498,437
748,438
470,439
42,440
652,441
140,442
776,443
288,444
496,445
794,446
183,447
569,448
719,449
810,450
954,451
56,452
305,453
270,454
887,455
837,456
494,457
959,458
341,459
586,460
495,461
741,462
501,463
375,464
199,465
897,466
136,467
784,468
694,469
751,470
216,471
396,472
98,473
900,474
201,475
224,476
33,477
380,478
524,479
553,480
51,481
809,482
109,483
518,484
647,485
728,486
318,487
82,488
398,489
87,490
559,491
32,492
177,493
383,494
112,495
455,496
330,497
228,498
362,499
265,500
998,501
439,502
421,503
100,504
928,505
999,506
414,507
903,508
931,509
447,510
191,511
152,512
15,513
286,514
44,515
799,516
239,517
967,518
302,519
732,520
351,521
249,522
142,523
979,524
442,525
943,526
493,527
962,528
156,529
744,530
97,531
334,532
196,533
508,534
598,535
350,536
657,537
580,538
625,539
572,540
477,541
750,542
256,543
145,544
315,545
467,546
43,547
73,548
287,549
182,550
276,551
747,552
297,553
509,554
217,555
339,556
261,557
454,558
612,559
912,560
724,561
541,562
680,563
804,564
937,565
410,566
427,567
821,568
704,569
139,570
698,571
679,572
317,573
869,574
503,575
252,576
807,577
360,578
985,579
775,580
444,581
833,582
787,583
801,584
296,585
803,586
471,587
374,588
484,589
102,590
856,591
93,592
814,593
614,594
565,595
521,596
601,597
902,598
16,599
556,600
129,601
850,602
5,603
921,604
978,605
537,606
312,607
793,608
934,609
727,610
68,611
659,612
571,613
726,614
445,615
714,616
935,617
761,618
472,619
352,620
940,621
245,622
584,623
738,624
845,625
379,626
994,627
119,628
955,629
763,630
354,631
773,632
888,633
309,634
432,635
125,636
19,637
346,638
686,639
816,640
813,641
929,642
830,643
460,644
552,645
766,646
882,647
555,648
778,649
48,650
867,651
258,652
667,653
685,654
670,655
606,656
746,657
282,658
976,659
701,660
941,661
535,662
664,663
349,664
197,665
66,666
251,667
202,668
271,669
76,670
774,671
402,672
316,673
944,674
23,675
235,676
875,677
63,678
515,679
211,680
434,681
635,682
533,683
530,684
187,685
661,686
729,687
278,688
298,689
860,690
805,691
721,692
233,693
446,694
161,695
782,696
185,697
424,698
808,699
901,700
527,701
883,702
50,703
387,704
835,705
345,706
275,707
977,708
490,709
786,710
871,711
687,712
881,713
462,714
376,715
819,716
597,717
416,718
154,719
852,720
284,721
574,722
226,723
802,724
71,725
160,726
781,727
47,728
8,729
448,730
388,731
543,732
622,733
397,734
863,735
668,736
486,737
520,738
950,739
83,740
930,741
970,742
463,743
475,744
37,745
971,746
640,747
492,748
148,749
725,750
395,751
780,752
212,753
645,754
329,755
203,756
306,757
167,758
425,759
170,760
757,761
106,762
716,763
855,764
303,765
215,766
195,767
130,768
615,769
157,770
231,771
939,772
840,773
711,774
626,775
849,776
824,777
368,778
651,779
531,780
532,781
72,782
654,783
221,784
124,785
474,786
422,787
829,788
96,789
400,790
55,791
248,792
696,793
25,794
570,795
917,796
466,797
878,798
225,799
539,800
337,801
171,802
542,803
618,804
579,805
767,806
384,807
529,808
789,809
708,810
662,811
642,812
281,813
94,814
366,815
257,816
234,817
910,818
507,819
357,820
528,821
208,822
90,823
538,824
681,825
443,826
113,827
743,828
20,829
28,830
991,831
428,832
961,833
706,834
933,835
847,836
14,837
363,838
770,839
386,840
536,841
85,842
409,843
41,844
960,845
406,846
381,847
596,848
164,849
458,850
260,851
135,852
843,853
851,854
279,855
594,856
504,857
548,858
842,859
963,860
707,861
17,862
947,863
247,864
419,865
104,866
31,867
24,868
915,869
314,870
800,871
752,872
81,873
699,874
290,875
479,876
512,877
909,878
600,879
715,880
913,881
65,882
481,883
540,884
577,885
710,886
58,887
688,888
123,889
554,890
695,891
218,892
40,893
166,894
134,895
872,896
204,897
121,898
846,899
46,900
91,901
149,902
990,903
841,904
544,905
692,906
151,907
313,908
469,909
175,910
480,911
219,912
621,913
365,914
126,915
333,916
304,917
178,918
827,919
591,920
599,921
457,922
108,923
79,924
429,925
456,926
525,927
526,928
906,929
264,930
369,931
989,932
997,933
588,934
836,935
3,936
734,937
513,938
453,939
720,940
451,941
838,942
638,943
550,944
62,945
689,946
561,947
227,948
797,949
610,950
450,951
988,952
922,953
69,954
169,955
822,956
389,957
89,958
857,959
506,960
772,961
255,962
674,963
796,964
945,965
437,966
908,967
289,968
144,969
733,970
551,971
105,972
285,973
949,974
783,975
158,976
347,977
246,978
7,979
213,980
514,981
982,982
310,983
911,984
332,985
307,986
693,987
0,988
792,989
361,990
502,991
756,992
899,993
948,994
946,995
582,996
22,997
95,998
464,999
