100
9,75,19,81,21,14,97,51,25,11,5,46,59,69,79,83,40,20,55,36,53,45,61,15,91,70,71,17,78,80,29,88,49,34,86,8,95,85,89,0,18,58,98,10,42,76,28,87,66,37,60,54,92,44,23,57,65,39,74,1,99,7,27,72,30,64,13,50,16,24,93,6,33,41,63,35,2,82,26,68,43,67,96,12,84,38,94,62,52,90,47,3,4,73,48,77,32,56,31,22
91,7,1,42,25,60,63,21,78,87,0,86,70,32,68,13,79,3,23,61,66,98,9,17,50,62,43,5,80,33,14,4,55,94,10,83,30,53,67,51,28,77,37,56,92,89,24,44,99,35,73,2,20,81,65,41,36,82,97,38,95,12,69,88,40,45,34,47,11,54,58,96,75,76,72,22,59,49,52,93,8,15,90,74,71,84,6,16,64,18,31,48,19,27,29,46,39,26,57,85
12,65,89,76,2,54,6,56,1,29,40,82,11,88,44,95,68,26,36,93,8,78,21,4,75,84,63,49,34,41,20,67,47,99,50,60,97,71,86,39,18,5,59,22,42,37,51,16,13,43,25,27,19,31,17,46,90,9,74,70,81,14,32,83,30,62,24,87,57,45,7,85,64,28,73,55,72,91,10,48,58,61,77,23,98,79,94,53,38,80,66,96,3,35,52,33,92,69,0,15
32,44,88,55,18,59,41,30,28,0,29,3,53,20,69,38,64,78,97,27,23,16,6,49,98,75,77,67,42,92,80,74,89,87,61,15,52,43,68,1,70,81,60,96,54,84,26,10,19,57,17,40,34,66,94,8,24,25,7,21,72,39,58,95,51,35,76,5,12,91,46,31,85,50,33,36,9,65,99,82,14,83,93,4,47,45,90,48,37,86,62,11,73,63,22,13,71,79,2,56
13,16,52,93,35,39,15,17,89,83,67,85,7,94,64,5,23,78,9,38,69,74,71,0,31,32,95,66,25,82,26,14,45,68,51,57,8,75,81,50,29,70,76,27,21,65,6,1,41,80,86,37,36,90,3,54,53,84,60,24,40,49,11,72,97,58,59,34,43,44,55,28,79,46,88,47,56,87,96,12,2,48,10,18,77,62,73,19,98,4,22,30,92,63,61,99,91,33,20,42
91,6,63,79,4,92,33,75,1,32,84,22,68,73,41,39,37,59,74,82,43,99,9,38,67,7,62,49,70,44,97,54,98,29,17,95,35,31,10,53,28,86,80,21,50,48,61,66,11,57,76,93,8,18,87,34,58,83,16,85,78,64,96,23,2,46,19,30,89,15,90,88,56,24,77,14,51,47,55,72,94,25,20,36,81,71,42,26,40,12,69,13,5,60,45,65,3,27,0,52
20,58,22,46,61,67,60,4,18,6,87,7,43,8,26,42,19,91,21,89,1,62,99,73,54,32,98,71,45,85,88,48,75,64,74,34,83,72,36,51,29,3,28,0,47,95,10,25,81,90,14,33,65,69,82,76,79,27,70,68,39,5,13,23,96,66,12,53,2,80,16,55,9,86,15,35,49,44,52,59,94,30,31,37,17,24,93,56,50,41,38,63,77,97,92,78,84,40,57,11
72,51,54,3,27,41,32,66,92,77,60,0,82,53,31,10,64,78,88,98,34,6,23,67,15,35,83,30,52,57,26,7,69,22,39,70,46,48,20,8,97,50,13,43,11,45,56,93,65,18,68,94,19,87,42,33,14,47,75,89,84,17,4,90,1,25,79,24,73,58,12,61,63,99,21,28,9,38,71,85,55,74,16,5,40,44,76,59,95,62,86,96,37,81,80,2,29,49,91,36
43,92,5,13,17,72,77,19,98,52,14,45,60,81,2,25,53,97,8,87,64,7,93,15,27,23,71,63,99,37,66,70,58,36,18,69,29,51,49,91,24,26,33,57,20,39,12,41,67,47,44,42,10,90,22,16,38,28,32,62,54,96,48,21,3,59,30,4,85,6,65,74,9,76,61,31,0,94,35,56,89,1,83,79,78,80,55,84,34,68,73,95,75,40,86,50,82,46,11,88
25,39,14,57,93,46,80,92,47,50,83,45,32,24,74,11,73,2,81,62,6,51,10,60,63,53,16,12,48,56,0,5,15,78,97,76,49,42,52,64,26,61,37,21,59,17,69,99,96,30,27,7,98,71,55,77,94,13,4,66,65,82,44,79,68,34,85,84,91,43,31,35,40,89,22,70,18,38,41,20,90,67,86,23,75,29,8,95,33,9,88,3,58,36,72,19,28,1,54,87
42,37,23,77,91,25,80,15,66,27,99,47,26,75,4,79,62,6,31,82,95,49,58,0,46,34,59,64,93,53,16,97,32,89,3,84,38,65,69,5,19,86,83,10,73,85,94,24,12,8,7,87,71,44,52,28,2,96,54,61,39,21,18,9,72,90,74,78,56,88,55,60,29,51,40,30,35,92,70,17,14,76,67,45,41,98,13,11,1,20,43,57,48,68,33,81,22,36,50,63
44,66,9,64,8,42,3,19,16,35,36,51,43,7,10,23,12,75,70,52,33,91,40,80,30,76,34,5,24,61,98,89,81,69,4,82,20,54,72,62,32,60,58,21,28,63,53,13,39,88,57,22,79,65,45,86,11,27,87,77,15,18,38,50,85,71,6,92,48,49,25,59,78,37,2,46,1,17,95,67,68,0,97,74,99,47,29,94,14,73,83,90,31,84,55,41,96,93,26,56
46,97,99,1,38,11,16,44,30,4,64,24,90,54,77,71,42,20,40,9,83,48,7,47,74,89,60,43,17,53,21,57,33,76,35,32,27,26,14,98,68,63,51,56,5,93,96,23,28,2,8,10,75,41,67,50,86,73,80,79,65,0,37,31,62,15,45,55,88,87,29,70,58,3,13,61,81,94,69,12,92,19,66,95,52,18,82,78,85,36,72,91,59,22,25,34,49,6,39,84
32,72,94,48,24,27,90,97,83,99,92,26,59,55,85,13,39,52,93,96,35,38,82,3,46,28,88,8,30,76,95,70,68,36,29,98,12,64,81,10,77,51,23,87,1,80,20,86,4,43,41,60,31,61,58,50,11,65,40,22,44,78,56,75,45,37,42,18,53,57,21,0,79,25,34,19,71,69,9,7,17,49,62,33,91,6,2,63,5,74,73,66,54,67,89,84,47,14,15,16
82,86,54,61,79,88,16,27,66,99,29,38,78,11,2,56,72,71,80,32,13,30,43,39,53,83,35,96,67,76,44,18,23,37,98,26,70,52,3,90,19,28,20,48,47,60,34,8,40,62,91,89,84,33,17,51,92,6,25,68,97,14,81,94,31,0,65,85,64,10,4,55,57,7,87,41,1,93,73,42,24,63,5,50,58,74,69,49,59,36,95,75,21,9,22,45,12,46,15,77
35,31,53,3,28,19,55,86,98,6,78,96,61,9,43,8,0,23,69,26,64,99,82,90,29,10,91,76,79,47,37,58,42,44,38,72,12,34,77,7,93,60,65,66,54,51,13,85,84,57,2,27,73,68,32,30,5,25,39,70,20,36,74,80,40,67,17,88,62,94,97,1,14,21,71,95,16,15,81,87,50,75,41,18,22,59,48,63,11,83,56,92,52,49,46,89,24,4,45,33
70,1,9,11,31,45,78,52,54,13,80,66,33,8,72,12,97,16,36,76,17,61,7,19,56,37,75,53,90,79,83,15,22,23,41,6,25,35,3,68,93,89,20,27,34,4,64,86,81,91,24,2,98,42,84,67,74,5,62,99,92,77,30,73,95,85,46,43,63,71,82,60,48,44,65,14,29,28,40,50,49,32,58,10,69,55,88,96,59,26,18,51,21,39,87,38,47,57,94,0
90,49,56,3,33,0,39,4,14,51,17,61,58,41,50,37,46,25,97,65,91,19,8,59,22,55,60,83,12,27,98,52,79,30,82,76,86,85,80,42,45,88,78,89,40,67,84,7,71,75,16,21,6,9,73,72,18,64,36,54,2,69,34,57,68,44,24,99,95,29,63,10,47,38,15,1,70,94,81,96,48,66,26,93,5,32,28,77,92,53,20,74,62,43,23,35,13,87,11,31
71,70,6,52,41,59,97,68,30,62,53,89,22,65,11,72,5,48,13,56,98,0,77,87,92,63,10,20,73,23,99,49,64,69,88,67,60,94,47,80,82,50,2,96,8,19,38,42,9,29,90,45,14,43,58,31,33,28,81,55,26,75,91,27,86,76,95,18,32,40,54,37,57,79,15,85,25,78,84,24,35,61,51,3,39,83,16,74,21,7,36,66,34,12,44,17,93,1,46,4
94,25,33,42,23,0,64,93,6,82,66,39,53,87,40,28,49,51,17,37,10,2,74,83,71,7,48,72,95,36,14,78,58,50,63,69,15,22,79,3,52,60,45,84,9,86,55,19,43,81,59,13,70,27,96,24,85,80,4,35,44,46,21,31,77,12,5,1,91,75,11,88,92,26,16,97,62,38,34,41,67,73,57,68,98,65,18,54,30,76,32,99,56,90,89,61,20,47,29,8
97,33,40,26,92,69,34,4,19,2,90,89,56,51,85,43,39,63,5,59,8,21,17,45,66,32,64,77,68,37,61,67,98,35,62,82,54,78,31,23,93,55,81,84,74,88,72,20,14,36,10,3,9,27,22,18,75,47,44,91,57,96,83,11,7,50,60,99,76,30,79,86,70,46,38,73,24,71,58,13,12,15,95,52,25,49,65,41,1,29,0,80,28,16,53,94,6,48,42,87
69,11,18,14,80,25,85,64,32,90,61,53,49,28,6,54,98,92,30,20,46,27,93,89,13,34,33,99,81,72,96,79,23,56,68,87,47,55,67,52,38,3,59,76,19,35,1,43,42,94,9,78,65,71,57,0,5,12,31,97,37,10,26,45,24,44,86,16,62,21,74,7,83,73,39,95,82,8,50,60,66,58,48,36,84,51,2,75,70,88,4,29,91,15,40,77,41,17,63,22
70,74,54,90,60,34,7,35,19,63,16,28,59,65,79,23,10,44,18,86,92,56,47,96,73,98,95,38,48,14,76,42,29,3,21,45,75,17,94,99,46,13,82,39,5,40,85,8,32,93,71,81,52,33,51,15,80,61,24,72,57,69,50,84,58,30,91,6,88,9,12,0,68,97,22,67,78,31,77,83,66,55,87,36,2,62,27,4,26,20,53,37,1,43,89,11,25,41,49,64
14,52,51,67,58,88,35,1,45,70,81,95,2,78,41,71,31,12,77,53,33,10,97,8,15,50,11,56,27,94,46,29,34,25,85,63,91,47,38,32,9,65,20,43,90,80,7,86,64,98,84,16,96,18,5,87,72,30,82,17,68,37,13,39,62,92,61,49,26,48,66,0,57,4,44,55,93,83,99,76,19,79,75,60,73,6,36,21,3,54,28,42,69,59,74,40,22,89,24,23
76,0,40,37,82,43,1,4,89,24,29,14,8,6,93,32,30,13,75,33,90,79,5,91,81,50,73,28,58,22,92,18,71,19,11,62,2,36,57,10,95,53,69,64,17,9,61,96,74,85,21,86,99,94,15,65,54,52,55,38,63,39,88,44,68,42,67,77,3,35,47,31,98,46,66,70,7,23,80,78,83,25,12,49,84,16,60,27,59,20,97,56,45,41,87,48,26,34,72,51
84,33,82,44,45,85,38,31,74,43,22,97,76,8,28,6,17,49,20,25,26,61,65,13,54,91,1,32,64,10,16,5,62,98,40,42,24,70,78,66,34,79,75,59,94,19,39,73,89,88,71,80,51,55,15,96,56,69,11,53,7,23,83,35,4,14,60,92,95,52,2,63,9,29,36,86,18,21,50,57,30,72,99,77,67,58,46,0,48,41,12,47,90,81,37,27,93,3,68,87
1,97,88,13,49,52,98,25,95,39,17,38,26,63,37,66,68,29,81,35,56,15,40,46,14,23,2,18,53,50,44,36,71,90,65,33,0,8,41,77,85,69,34,24,43,70,16,78,99,4,57,87,3,62,20,76,73,45,6,72,9,48,5,80,19,42,82,79,12,55,91,86,54,47,58,31,28,10,61,51,67,30,94,96,93,84,27,32,92,7,60,59,21,89,64,11,75,83,22,74
71,70,64,33,36,84,63,80,86,68,55,29,47,56,88,50,14,39,11,9,95,60,25,82,91,94,24,45,93,34,22,27,81,46,41,87,28,52,79,10,32,12,35,75,8,18,7,13,58,73,66,69,96,30,53,1,0,21,31,76,2,59,23,43,3,98,44,72,78,83,38,4,15,42,49,62,97,92,19,48,57,54,51,99,26,85,17,40,65,90,6,16,89,74,61,5,67,37,20,77
20,72,68,50,75,63,42,74,14,60,92,46,3,27,40,47,66,29,51,9,77,93,76,24,81,64,32,22,96,12,79,95,54,61,59,5,43,70,31,44,21,55,94,90,26,85,8,11,25,0,13,28,49,73,99,36,86,83,10,84,80,16,48,57,38,82,30,62,23,17,39,19,69,98,4,53,91,45,97,65,78,41,6,67,71,37,35,1,87,88,58,52,34,56,2,33,7,18,15,89
49,83,21,59,54,31,92,72,29,80,64,50,4,84,45,78,91,3,43,71,77,65,58,15,89,99,40,56,93,26,14,73,24,25,95,20,28,52,36,11,81,66,57,19,42,98,27,30,86,79,88,1,90,32,63,16,35,55,39,41,76,82,94,69,0,87,85,23,97,61,33,12,60,67,70,47,22,13,46,37,53,6,9,75,8,62,10,96,74,17,18,34,68,2,5,38,7,51,48,44
6,7,69,97,55,82,17,29,49,67,46,26,23,54,59,20,51,64,78,19,11,21,89,85,70,8,99,81,73,71,62,91,12,90,24,34,27,32,40,65,98,42,60,92,66,80,61,15,2,10,22,18,75,45,88,86,47,39,44,58,13,56,5,57,76,63,31,72,79,38,1,50,14,48,53,30,16,68,33,43,52,83,37,95,74,28,35,3,87,9,25,77,94,36,93,84,96,0,41,4
93,96,63,85,81,17,92,75,59,12,76,29,19,0,40,64,28,41,14,8,42,82,97,24,23,22,52,36,44,86,57,88,25,15,16,79,53,83,65,78,4,66,87,7,11,34,9,50,46,13,3,26,45,60,61,77,49,62,31,38,43,39,98,30,74,55,33,18,27,56,95,32,69,6,48,99,47,70,58,84,94,35,89,1,90,21,5,54,91,2,80,67,20,72,10,51,71,68,73,37
85,40,65,59,56,92,78,60,77,39,47,99,87,35,51,79,29,70,82,81,76,50,61,38,31,83,11,58,27,80,20,71,37,25,1,42,6,66,67,48,44,23,30,41,3,94,93,86,90,91,46,69,72,74,17,4,7,53,9,14,33,26,32,15,22,84,34,45,24,12,88,18,8,10,0,55,43,54,96,64,16,49,57,73,13,97,75,62,19,98,36,28,63,95,52,21,68,5,89,2
12,61,48,81,21,50,68,49,89,39,41,5,62,93,65,2,10,72,43,90,76,64,15,46,95,56,0,82,94,59,17,88,99,24,4,52,69,91,18,27,14,38,9,54,84,20,29,87,79,1,47,96,97,23,57,45,42,13,3,51,19,35,26,66,83,25,73,98,55,75,92,78,6,71,40,8,28,7,60,22,74,34,58,53,44,11,37,86,63,67,16,36,85,70,32,77,33,31,30,80
62,93,2,28,66,85,29,10,6,63,67,21,7,19,36,11,22,26,25,83,82,75,73,51,96,57,46,97,17,53,52,23,31,70,80,39,41,71,1,95,40,9,72,33,65,32,20,60,8,69,79,44,94,14,30,64,48,98,43,15,35,24,34,45,86,37,12,91,55,18,61,89,3,81,5,68,77,90,13,78,59,87,27,92,99,16,74,76,50,88,84,54,58,49,0,38,56,42,47,4
35,48,0,67,91,59,49,38,37,13,1,55,15,47,18,96,9,19,28,61,7,99,69,97,83,27,39,72,8,6,71,3,46,21,29,2,31,94,64,62,80,44,90,34,51,11,98,5,20,57,36,93,41,75,14,42,82,89,74,25,17,10,73,16,92,87,4,81,85,66,30,65,40,33,50,88,58,54,68,84,53,77,52,63,24,32,45,78,43,23,60,26,76,79,56,70,95,12,86,22
19,81,29,99,16,73,51,24,59,11,44,14,8,31,71,42,21,46,65,54,56,78,92,5,89,22,39,47,37,6,49,70,45,57,87,55,17,34,0,79,64,88,30,66,69,68,7,1,98,15,76,72,83,2,95,75,9,10,94,60,43,97,4,82,23,96,38,53,67,36,13,33,85,35,93,50,20,27,58,41,91,63,48,28,18,86,26,25,84,12,3,74,90,61,80,32,62,77,40,52
58,78,25,24,76,85,57,28,27,5,42,48,37,3,54,97,81,72,74,92,98,94,59,66,23,96,83,80,62,39,12,29,90,55,51,68,35,71,52,53,88,89,10,18,77,30,45,11,64,82,44,70,79,43,31,0,63,21,69,33,2,67,26,13,61,46,1,86,32,36,20,60,34,17,50,40,7,75,93,84,95,87,38,4,73,99,9,8,16,19,22,47,91,41,56,6,14,15,65,49
40,85,14,17,11,79,33,61,37,62,87,96,7,98,12,30,22,39,28,36,91,16,88,35,97,48,41,32,24,75,3,58,51,59,23,46,26,82,20,67,18,29,72,15,31,6,83,69,53,27,64,95,65,50,94,80,52,76,42,2,49,4,56,47,73,45,9,8,21,60,93,54,77,5,81,0,66,43,25,34,86,19,78,99,71,89,70,1,90,63,10,38,68,74,84,55,44,57,92,13
19,81,74,79,27,22,67,42,85,14,92,61,62,31,36,25,16,89,38,88,23,75,20,54,44,13,10,82,3,90,37,98,99,5,77,47,53,80,60,8,34,24,91,32,1,72,58,76,11,48,69,97,63,28,66,17,2,18,93,46,52,87,6,21,0,56,49,95,83,86,45,94,30,7,71,57,84,96,35,65,33,9,51,68,43,78,15,73,50,29,12,40,41,59,4,39,64,55,70,26
94,54,49,22,29,47,74,93,53,10,87,3,43,16,30,63,8,2,67,70,14,38,52,60,44,26,24,76,31,41,58,33,35,40,68,5,55,9,50,42,64,0,81,18,11,21,75,25,99,34,78,91,96,36,65,59,77,19,4,88,97,98,39,79,95,17,56,20,92,57,83,28,69,37,61,15,32,62,27,72,12,6,82,46,90,84,86,66,80,85,13,23,48,89,1,45,71,73,7,51
66,6,5,77,64,19,0,79,54,61,15,86,14,95,8,34,43,23,28,56,65,69,85,17,71,97,12,93,11,96,42,26,4,94,49,83,76,46,3,82,53,1,41,7,37,72,32,50,73,87,48,63,81,20,58,57,22,36,74,84,99,89,21,80,52,92,31,59,29,98,60,9,88,45,91,62,10,24,2,39,27,40,55,18,67,13,44,68,70,75,33,35,38,78,16,25,51,90,30,47
70,38,78,33,55,79,93,69,17,11,32,99,51,54,71,13,4,56,23,73,10,62,86,90,39,16,94,40,45,24,35,28,63,57,64,83,92,46,96,82,50,74,58,3,25,49,12,0,1,31,34,84,14,18,87,5,53,72,91,61,30,20,47,22,81,6,97,36,41,77,89,76,9,59,2,60,66,7,52,27,44,88,48,26,85,19,68,98,95,67,43,42,8,65,15,75,80,29,21,37
6,46,63,48,5,47,72,10,77,67,62,31,86,52,71,87,90,35,58,24,53,79,98,21,25,34,99,84,23,17,74,0,2,59,94,8,61,70,69,42,3,57,68,1,81,54,83,51,60,40,97,73,7,82,41,89,18,29,11,33,9,91,16,37,56,28,38,30,43,85,44,36,88,55,22,80,76,20,66,64,96,27,13,65,45,15,75,32,95,92,19,78,14,12,26,93,50,4,49,39
15,18,7,1,10,70,33,42,94,34,84,24,19,45,58,62,57,47,27,6,28,50,89,8,43,4,79,91,39,37,29,41,59,65,16,52,25,17,20,83,66,82,64,38,55,73,36,22,11,80,98,75,46,67,60,63,31,30,69,81,0,23,51,97,35,77,76,72,48,74,44,21,5,3,49,86,9,40,13,2,32,68,12,92,78,85,88,53,71,56,90,26,96,99,95,93,54,87,61,14
80,17,46,13,97,25,87,73,31,85,53,32,88,38,11,16,37,29,96,39,64,69,74,0,98,81,61,14,91,66,60,79,59,47,54,27,71,63,4,15,90,68,24,22,57,75,41,36,7,99,40,20,65,92,26,18,30,95,82,72,34,48,58,49,52,67,62,77,70,8,35,10,83,45,12,51,93,44,43,9,89,23,3,94,50,84,5,28,6,78,76,33,86,55,2,56,21,1,19,42
75,29,13,46,91,0,73,88,92,38,70,7,76,15,99,55,90,34,56,19,57,36,85,37,60,16,31,27,82,80,30,42,86,12,97,71,51,89,8,53,2,21,67,59,32,48,72,49,35,81,58,54,83,43,64,6,66,24,61,94,96,23,69,79,17,52,77,44,18,25,11,1,45,22,10,9,3,87,33,63,98,65,39,74,93,28,47,50,40,14,20,4,41,68,5,62,26,95,84,78
66,79,78,14,56,55,60,84,71,28,72,8,4,80,26,13,32,52,95,17,54,41,77,5,42,51,74,88,9,94,37,73,69,92,96,46,70,34,76,68,86,20,27,89,0,99,19,40,97,83,75,23,33,21,11,29,10,16,50,24,62,45,98,6,44,3,47,7,87,59,22,30,90,35,48,81,2,57,58,25,18,31,82,39,12,63,91,43,61,1,49,85,38,64,67,93,53,36,65,15
53,21,79,3,95,74,50,13,92,35,48,61,71,45,82,59,51,73,23,26,93,78,72,36,98,46,32,80,0,20,31,15,89,62,22,64,52,43,14,10,91,76,33,84,56,25,94,96,66,83,44,9,2,30,34,67,41,17,77,24,70,54,28,39,86,57,60,99,97,38,11,12,40,5,6,29,58,68,88,65,87,8,90,16,49,75,85,42,37,63,47,1,27,4,69,7,19,55,81,18
14,75,93,78,46,47,68,65,44,12,48,39,25,42,29,50,94,91,13,59,52,66,84,8,2,70,27,83,34,80,38,20,6,57,1,81,85,86,69,87,82,67,60,30,10,55,4,32,62,77,19,18,9,0,79,58,76,49,89,5,36,17,98,92,90,56,63,95,11,97,31,35,15,61,40,54,73,43,7,37,88,23,64,53,3,28,21,72,16,41,33,99,96,22,45,24,51,74,71,26
72,27,31,33,34,35,70,62,48,46,49,24,91,43,20,97,23,60,52,10,77,63,69,26,79,13,80,8,76,68,95,98,59,15,28,56,16,30,47,93,51,58,22,36,39,55,65,21,37,0,57,74,1,88,40,75,99,44,92,25,7,4,83,78,11,6,87,86,5,12,96,14,67,82,84,41,38,64,53,3,71,66,73,17,45,42,2,94,81,85,18,32,19,90,9,54,61,89,50,29
98,66,77,44,91,13,93,4,33,92,56,42,54,35,76,34,78,6,94,10,38,81,69,15,51,75,55,41,63,68,37,12,59,46,53,79,17,64,16,3,60,18,14,29,21,50,43,27,61,58,48,80,31,22,82,70,7,49,72,83,47,74,89,19,97,73,45,1,87,85,8,95,11,99,40,39,36,9,26,62,24,96,71,57,5,84,0,20,25,30,67,88,2,90,32,86,52,65,23,28
65,67,24,43,58,49,90,96,25,52,38,50,21,4,36,42,13,99,17,98,72,44,10,85,26,31,37,6,97,22,79,92,18,76,5,32,94,45,29,69,12,64,1,87,55,63,16,46,74,81,11,71,19,66,59,78,80,47,88,9,30,8,77,60,40,83,27,53,95,23,91,48,20,82,28,62,0,73,14,68,51,41,61,54,33,57,35,15,75,39,34,3,7,86,84,56,89,70,2,93
1,18,37,40,3,58,38,81,75,80,87,52,98,48,62,99,7,4,27,15,84,70,96,0,47,73,93,11,90,19,45,6,94,33,8,61,92,44,85,17,10,54,57,24,14,21,12,42,66,86,88,22,76,69,97,28,95,91,82,79,72,68,46,32,63,16,9,29,60,56,39,36,50,74,51,34,78,26,5,41,67,13,65,59,64,77,25,55,53,89,20,35,23,83,2,71,43,31,49,30
82,73,58,71,33,13,18,10,74,26,68,93,22,61,23,38,2,42,80,62,88,50,37,79,97,94,25,39,86,87,20,17,64,67,52,54,96,72,98,78,77,60,44,90,21,40,47,81,84,66,1,51,89,45,36,31,28,75,76,9,29,56,63,32,83,16,57,14,65,8,69,92,30,24,46,48,4,5,91,15,11,59,6,70,19,95,12,53,41,3,34,85,0,55,7,49,27,35,43,99
56,3,12,84,28,24,72,16,41,85,86,37,96,91,26,33,43,98,32,11,79,51,93,49,87,40,17,69,83,63,9,10,62,67,0,80,8,88,35,15,21,73,59,92,78,60,68,5,6,53,52,90,27,46,19,71,70,7,42,58,13,48,20,39,38,18,2,94,75,95,66,55,74,1,65,76,34,47,31,81,29,23,50,36,82,45,64,99,97,22,25,44,4,30,54,61,77,89,14,57
76,66,16,53,23,26,19,3,39,44,14,93,9,24,68,10,62,2,88,84,60,79,63,31,27,78,17,5,48,6,55,7,46,11,90,65,54,97,58,69,0,91,37,40,34,25,83,74,45,72,56,94,61,85,64,21,92,42,95,43,15,67,33,87,59,75,28,98,8,29,47,49,82,41,32,52,13,89,77,20,73,36,57,1,35,99,86,96,70,80,71,4,38,12,50,30,22,18,51,81
36,79,89,72,8,11,39,54,53,69,85,10,87,43,48,73,96,83,88,81,97,95,44,52,90,5,45,18,38,17,20,78,40,63,55,93,62,70,2,66,41,31,29,14,65,74,3,94,56,64,76,15,0,4,50,82,98,1,6,46,84,37,12,67,30,19,23,51,91,26,61,27,28,22,57,75,58,32,71,49,92,47,34,42,68,35,77,60,16,24,80,86,99,13,25,59,9,21,7,33
36,43,89,53,20,99,58,47,62,21,19,2,88,75,76,27,81,44,69,93,3,55,96,90,23,87,12,22,77,37,95,71,17,8,70,32,72,79,68,59,34,42,82,66,92,13,0,31,6,65,78,48,85,1,5,35,10,39,38,86,83,25,49,18,9,74,64,30,50,29,28,97,4,63,33,73,11,40,26,15,98,57,80,24,45,94,7,91,46,52,14,61,60,84,54,56,16,67,51,41
70,85,4,1,6,73,87,17,90,92,2,58,30,97,7,19,76,99,42,55,34,56,11,9,51,40,79,52,26,65,38,25,95,63,84,10,41,62,8,24,68,71,18,64,96,44,69,43,22,61,48,27,13,82,80,33,53,66,23,36,14,49,81,57,45,47,37,94,59,72,83,89,60,78,29,54,93,75,86,74,98,32,39,77,3,12,28,50,91,0,88,16,31,20,35,15,5,21,46,67
91,80,60,53,94,23,11,29,75,39,44,3,15,40,47,16,99,49,74,93,4,97,58,42,73,41,34,48,88,43,79,52,12,61,31,19,10,56,9,30,46,72,69,81,64,36,89,59,66,32,26,2,28,65,85,17,25,0,83,35,71,54,77,18,37,55,90,82,95,6,78,7,1,22,62,98,57,13,20,87,50,33,68,45,38,27,96,5,86,21,14,84,70,76,51,67,63,92,8,24
65,47,43,10,19,59,79,66,95,38,57,42,87,69,84,94,83,62,26,99,28,56,76,20,86,61,45,81,75,11,4,82,48,88,74,96,29,3,85,24,77,89,14,12,90,72,93,58,27,51,7,31,22,44,5,67,15,21,46,70,55,8,32,53,25,1,98,18,2,6,71,54,34,23,41,36,63,39,64,73,78,92,13,50,60,52,40,17,80,35,0,30,97,91,49,37,33,68,16,9
5,78,95,88,69,80,27,4,43,22,42,83,93,70,9,19,47,50,98,6,52,86,91,76,24,64,53,17,71,23,79,62,30,85,99,45,56,55,51,14,54,89,66,68,0,97,73,31,82,8,77,81,92,41,87,1,39,44,72,32,12,49,29,75,34,2,65,46,61,26,94,48,25,10,37,59,84,40,58,67,90,60,20,38,63,33,18,21,74,28,11,96,7,35,3,15,57,13,36,16
90,28,59,63,17,3,98,66,72,86,54,37,87,78,55,26,29,65,6,56,76,75,89,67,48,80,73,99,10,40,68,24,52,42,71,47,30,79,7,82,14,1,45,95,25,44,11,57,58,53,70,88,27,19,49,32,94,74,35,77,5,83,9,18,84,91,8,2,50,85,0,51,33,38,69,60,12,62,61,97,31,13,81,41,34,20,43,93,4,92,22,36,15,16,96,39,21,46,64,23
67,70,17,35,61,20,74,9,25,91,39,93,18,31,69,59,80,79,37,89,85,13,28,71,87,27,84,47,98,56,48,19,0,81,44,6,57,52,96,83,92,66,62,34,88,90,97,72,29,2,53,54,64,1,23,82,65,15,95,77,5,33,7,38,63,24,10,4,99,68,26,55,75,12,51,3,60,76,46,50,49,45,11,41,94,21,22,42,40,30,16,86,78,36,14,32,73,58,43,8
76,91,86,17,11,2,73,98,0,25,72,45,8,27,18,65,32,9,75,78,77,38,83,85,97,47,15,87,42,53,58,90,64,7,13,66,40,60,5,84,43,34,21,93,46,10,81,89,31,41,50,3,16,29,96,56,67,94,74,59,44,28,30,36,79,4,22,71,54,49,80,57,12,82,37,62,95,51,69,14,88,6,19,92,35,52,26,1,39,23,99,33,55,48,20,68,61,63,70,24
58,21,23,7,71,60,51,41,35,91,64,90,28,38,37,99,65,55,85,62,19,75,30,66,4,67,93,29,48,83,76,3,9,44,54,70,74,73,61,42,84,45,0,59,12,2,56,81,95,25,46,20,88,47,8,92,89,96,14,77,94,68,80,97,49,31,24,53,27,39,57,16,17,86,13,15,40,36,78,82,26,63,52,6,32,72,98,69,1,87,22,5,34,33,11,50,18,43,79,10
96,68,54,59,63,3,62,23,83,64,55,45,99,25,11,90,58,26,4,1,71,98,94,16,87,74,28,44,42,18,89,27,85,52,5,81,91,14,19,92,76,70,17,34,20,38,57,8,66,46,56,40,7,2,80,53,9,51,77,84,22,72,24,37,86,88,65,43,61,95,29,75,33,93,15,48,78,97,41,47,50,69,35,21,10,49,82,31,0,39,67,60,6,32,79,36,12,73,30,13
6,87,40,30,50,68,96,18,71,64,86,91,22,3,84,11,70,99,48,45,55,31,93,49,74,5,35,43,15,12,38,7,27,65,67,60,16,61,24,26,75,53,37,57,89,9,83,94,2,77,54,32,88,13,44,8,29,14,36,47,90,85,21,66,23,62,92,0,20,79,63,4,17,59,76,78,39,95,34,1,46,42,28,81,52,56,98,10,97,73,33,82,80,51,69,41,72,25,58,19
87,84,30,34,78,38,58,70,96,88,67,81,75,99,89,80,39,98,37,86,0,91,35,10,85,28,64,61,21,26,11,63,57,68,12,6,77,15,20,51,54,23,16,52,5,73,60,93,94,2,33,59,74,76,69,32,66,7,95,56,43,24,29,22,17,49,65,13,79,4,90,40,19,72,18,50,25,44,46,62,3,48,45,97,1,83,31,9,36,53,42,41,82,27,92,71,55,14,8,47
80,44,2,68,97,92,54,99,59,42,71,90,35,60,0,11,86,22,57,64,27,77,41,4,34,5,6,14,89,7,58,65,94,25,24,10,72,12,50,52,85,39,28,36,75,78,18,16,20,32,17,66,70,61,79,31,1,87,63,98,56,9,30,23,69,29,38,43,83,45,15,19,3,93,49,76,55,82,91,53,73,62,26,13,96,8,84,47,81,48,74,46,33,37,67,40,51,88,95,21
58,59,52,39,44,19,4,35,55,40,54,41,33,46,56,37,89,62,72,36,63,9,78,20,75,96,7,79,48,74,28,97,22,13,24,17,69,42,91,66,34,73,43,2,11,92,88,45,26,95,0,61,3,76,87,49,18,94,6,65,60,1,10,82,71,70,51,53,57,68,86,77,80,38,81,14,30,83,12,23,84,21,47,16,25,93,8,27,90,5,98,29,99,67,85,32,31,15,64,50
27,13,52,46,61,92,40,0,79,65,5,85,15,56,10,20,97,67,25,73,71,63,90,74,38,31,8,82,86,88,37,54,68,26,99,44,36,75,87,58,95,94,98,53,81,3,16,29,49,1,41,34,33,78,35,50,4,91,14,60,62,84,47,6,64,43,22,23,17,72,48,42,93,69,59,19,45,66,70,80,7,28,2,9,30,32,11,89,39,51,24,18,77,57,83,55,76,21,12,96
47,68,0,60,1,45,75,93,58,86,17,28,79,46,69,2,4,27,81,73,91,98,53,25,24,85,96,48,66,41,80,49,12,10,8,19,40,97,38,44,92,3,37,78,23,72,71,42,56,26,35,39,32,43,59,83,89,87,74,18,84,61,67,30,22,65,20,95,88,29,14,13,99,54,36,33,62,50,6,5,11,55,7,90,77,82,51,76,9,70,34,94,57,15,31,52,21,16,63,64
66,82,11,17,47,32,91,83,79,85,6,57,49,95,81,3,37,59,76,44,12,8,67,61,97,70,54,78,71,18,35,23,43,1,64,72,80,98,94,92,88,99,9,84,42,73,53,48,62,75,68,65,77,89,45,29,86,21,87,69,14,93,40,20,26,38,27,10,2,15,39,22,60,16,46,55,63,58,13,31,90,56,74,0,30,51,7,36,4,41,34,50,5,96,33,52,28,25,19,24
78,43,50,12,75,25,74,56,91,30,20,5,79,27,6,11,80,9,7,24,81,73,2,49,68,26,38,70,57,40,39,98,29,34,99,96,45,76,31,16,66,61,36,59,71,84,44,67,69,83,4,97,48,0,1,14,89,90,32,35,19,41,92,94,63,86,3,88,33,93,72,42,77,18,13,15,60,87,95,46,82,65,22,62,85,52,28,54,51,17,64,53,37,10,58,23,47,55,8,21
19,45,18,13,57,94,56,95,75,43,6,44,90,28,87,32,23,41,42,83,30,92,5,14,93,51,81,63,12,38,89,40,70,78,98,15,21,62,58,72,7,27,80,22,86,20,67,0,46,37,49,82,55,99,91,73,64,47,31,96,61,84,4,35,88,8,10,26,66,71,79,11,24,52,29,1,34,33,68,48,25,39,74,9,85,76,17,53,69,60,3,77,50,16,65,2,54,97,59,36
46,90,76,81,20,47,2,43,66,84,34,86,6,33,77,63,16,75,1,56,22,97,24,78,10,94,59,61,38,96,60,9,5,7,67,92,11,93,68,89,25,58,71,31,41,18,27,91,8,15,98,50,26,44,28,49,37,74,39,82,19,54,48,32,55,30,83,57,13,3,23,17,72,21,69,87,14,40,64,70,29,42,62,53,73,51,85,95,4,0,80,99,35,36,79,65,88,45,12,52
50,36,71,76,57,83,84,19,93,7,10,53,38,32,47,51,49,21,46,28,85,18,89,91,78,6,48,2,34,86,24,96,68,97,98,1,61,39,65,3,66,42,17,15,55,54,90,0,5,16,37,33,88,43,52,4,94,29,58,11,26,60,59,22,81,41,31,23,9,79,56,75,74,63,82,73,13,99,45,67,44,64,20,27,70,87,72,62,14,8,40,35,69,12,77,80,92,95,25,30
17,39,10,36,72,83,47,12,37,82,57,25,73,54,67,87,29,27,43,51,20,71,44,9,40,96,62,95,38,93,49,21,34,0,4,3,70,28,59,22,24,48,23,85,41,86,92,80,35,1,79,75,97,91,60,65,18,46,8,68,69,88,98,45,6,66,58,13,31,99,64,81,78,90,52,94,11,55,16,89,30,76,7,26,77,50,33,61,14,15,56,74,63,42,32,5,84,19,2,53
91,8,5,76,17,50,20,93,73,44,72,24,71,49,64,69,65,70,37,68,90,84,9,54,61,87,62,0,6,66,29,4,1,42,7,34,99,38,10,27,86,79,55,36,98,45,18,85,92,80,81,89,22,82,58,25,96,95,12,77,19,26,30,41,59,60,28,56,43,57,21,33,39,31,47,78,53,35,67,83,32,2,15,75,3,13,14,74,40,94,23,48,51,63,46,11,16,88,52,97
61,96,60,59,20,36,52,94,86,5,17,82,38,97,92,85,43,2,10,22,30,87,73,6,4,12,74,81,46,28,27,42,71,39,80,91,70,41,53,16,62,63,90,58,78,83,57,24,35,15,77,44,66,7,3,51,69,18,64,67,54,13,45,88,25,21,33,68,40,23,9,47,34,55,1,8,19,75,0,99,98,29,26,84,65,37,48,89,56,31,93,95,79,14,50,72,49,76,11,32
16,86,7,23,31,51,45,84,5,53,8,24,17,46,14,1,87,49,41,97,30,52,70,0,68,27,6,34,32,26,18,73,63,71,37,44,10,89,67,28,88,39,83,29,76,25,43,36,99,19,93,50,22,77,82,48,38,2,59,4,60,92,42,58,81,74,64,69,61,11,12,72,54,96,3,95,33,91,9,55,94,15,98,90,47,56,75,35,62,66,79,78,21,65,80,13,57,85,40,20
23,29,10,24,34,42,22,73,7,11,92,38,20,78,53,95,8,72,0,80,31,9,18,59,60,39,37,33,61,51,49,52,40,87,64,56,48,99,2,15,26,65,55,75,89,50,27,3,13,16,90,84,91,43,17,1,82,76,83,77,86,69,79,25,62,63,41,74,70,71,45,28,14,98,67,88,12,81,4,96,35,5,57,30,93,44,46,6,21,58,85,54,47,66,19,36,94,68,32,97
33,98,69,76,54,52,83,73,31,41,84,93,1,38,89,79,94,81,99,28,62,21,55,25,59,50,71,26,90,66,56,22,37,82,96,67,40,43,5,39,72,74,47,15,32,6,18,65,23,12,13,92,63,34,8,29,24,2,58,51,30,53,95,46,14,64,86,61,27,77,42,35,85,17,20,16,68,4,88,3,11,87,80,70,45,9,19,91,44,36,78,0,7,75,49,60,57,10,97,48
30,67,69,38,74,26,45,62,81,4,65,98,63,55,12,49,10,28,59,51,32,1,68,16,6,44,57,24,89,84,71,61,58,46,43,83,25,40,47,56,87,78,92,77,42,29,97,70,99,85,48,76,80,54,50,90,52,93,91,33,8,60,11,72,7,19,2,64,27,75,36,79,22,34,66,96,94,17,82,14,41,86,13,15,18,37,9,39,3,21,0,5,73,35,31,23,20,95,88,53
59,5,50,37,65,91,15,46,48,72,45,35,47,88,0,68,57,61,16,10,17,33,29,85,94,4,69,34,64,21,99,30,60,36,92,8,62,87,75,9,56,54,73,6,1,25,58,40,78,19,86,98,23,13,28,90,77,97,7,53,66,96,63,76,14,52,81,80,67,42,89,20,74,11,71,79,18,22,12,3,49,2,70,82,51,27,93,55,43,44,31,83,38,84,32,95,39,41,24,26
96,41,57,2,42,56,46,87,64,8,19,39,17,18,31,74,12,89,59,24,26,76,70,27,35,92,77,55,21,25,5,66,6,15,88,30,29,85,3,65,10,0,86,75,54,82,44,1,43,78,84,53,32,4,71,34,37,99,14,58,13,33,50,28,11,52,22,79,80,62,36,90,9,23,16,83,94,60,40,45,67,91,69,95,47,51,97,49,98,20,61,48,72,81,7,73,68,63,93,38
91,92,60,50,1,71,40,55,74,12,7,43,67,66,25,96,69,52,19,75,83,38,6,26,82,31,11,44,29,77,61,88,4,73,14,59,49,42,97,84,81,72,20,65,99,47,56,41,5,85,78,27,64,51,89,30,46,2,34,76,80,37,3,70,28,17,16,23,9,57,45,24,79,58,87,93,10,39,63,48,8,36,98,53,54,94,68,35,13,62,90,33,95,18,15,86,21,22,0,32
46,30,19,21,59,26,73,18,45,47,88,79,80,28,43,23,9,24,25,8,86,31,93,5,94,11,78,15,4,82,2,76,69,98,84,57,48,63,61,13,97,51,65,52,37,33,58,35,62,14,81,7,20,1,55,38,85,16,75,70,95,92,50,39,89,17,68,83,12,49,41,99,40,10,44,22,74,90,54,72,6,64,53,36,67,0,66,87,42,91,77,56,96,34,3,27,60,71,29,32
63,2,16,3,46,96,11,59,7,75,56,31,94,23,29,1,13,95,17,88,48,61,67,35,49,93,92,83,51,30,18,64,43,53,47,0,69,55,68,89,39,10,66,97,5,42,87,54,65,98,50,76,19,4,15,86,20,82,81,32,58,84,12,8,52,14,72,62,21,24,99,79,27,90,77,26,36,80,6,70,22,44,41,91,34,78,9,25,73,57,40,33,71,60,45,37,38,85,28,74
67,41,48,18,10,53,77,75,83,88,37,80,90,25,17,93,62,35,45,92,33,32,95,36,71,65,29,85,3,94,66,55,8,86,69,60,99,59,23,26,31,44,50,49,74,9,12,39,63,52,87,79,19,98,14,76,30,15,43,5,22,46,84,54,7,40,16,20,64,97,57,1,73,89,96,72,27,51,82,58,4,42,56,11,47,24,70,21,81,68,34,28,2,13,0,61,78,38,6,91
22,7,97,95,79,28,44,89,9,4,32,67,76,94,83,51,42,82,26,11,91,57,15,54,85,62,55,45,71,41,17,30,74,10,23,24,34,1,98,64,49,21,61,77,68,40,43,38,36,66,39,70,8,6,60,78,52,16,75,53,35,81,46,31,99,87,25,18,37,19,13,20,93,0,96,29,80,59,33,5,90,47,12,69,92,2,72,63,56,84,27,14,50,86,3,48,88,65,58,73
39,86,32,26,36,16,52,21,30,74,18,13,96,40,75,1,66,23,2,45,68,81,31,15,46,99,3,34,5,53,14,0,76,88,33,8,57,73,85,37,27,95,60,70,7,4,69,10,9,25,56,48,12,44,35,43,19,94,6,47,91,11,49,72,82,51,98,58,55,67,90,41,79,38,92,89,62,28,63,78,87,20,17,84,50,83,80,97,22,24,71,59,77,93,42,61,65,54,64,29
21,34,87,5,60,50,8,11,95,20,29,54,93,53,92,31,4,65,37,64,49,68,22,17,0,51,40,42,3,27,99,10,67,57,71,62,6,97,77,44,76,86,69,48,14,81,12,91,24,84,94,83,75,16,89,52,73,85,39,23,66,88,78,74,45,47,36,43,28,41,79,55,7,33,15,1,13,59,96,32,46,35,72,80,25,26,98,2,58,38,56,30,9,61,70,19,82,63,90,18
2,67,41,56,68,63,78,81,15,96,60,92,26,52,29,43,73,49,99,83,75,62,59,69,64,87,65,84,3,61,10,58,90,21,31,25,24,27,34,79,16,42,85,36,40,28,6,22,95,19,17,91,72,1,50,14,48,5,80,12,8,13,32,57,39,46,37,23,38,11,33,0,66,35,86,89,98,77,45,55,54,94,74,20,47,76,82,9,4,51,7,53,93,44,97,70,88,30,71,18
71,77,4,38,23,97,82,93,27,36,13,24,70,44,67,84,85,56,54,35,17,31,53,52,96,10,14,92,12,26,49,7,47,20,28,40,0,19,41,94,86,58,51,16,22,21,15,6,74,33,8,32,61,9,91,1,37,83,89,3,81,55,43,68,63,87,11,42,99,18,62,5,65,39,46,48,34,78,66,64,45,73,2,60,95,30,79,88,76,29,59,57,50,98,80,72,69,90,75,25
76,37,13,52,18,81,30,35,84,85,16,69,19,72,3,97,12,58,65,0,34,46,60,48,36,4,32,27,31,22,9,50,47,80,79,39,82,6,10,1,24,62,93,83,99,54,77,73,38,91,95,55,68,90,43,8,98,71,92,88,15,17,96,51,49,14,45,29,57,41,44,28,40,33,7,59,87,70,5,2,53,74,21,26,64,66,86,63,89,23,67,25,61,11,20,78,56,94,75,42
55,48,89,53,56,62,90,2,40,79,0,11,4,69,36,63,6,99,72,83,97,87,81,77,60,95,80,50,31,93,96,15,67,32,52,98,49,17,7,3,74,30,35,86,13,1,58,19,75,44,45,37,47,71,51,12,25,84,28,70,76,14,91,27,59,8,24,23,64,61,20,66,68,22,38,42,92,54,85,16,5,82,18,39,94,43,10,73,26,33,88,65,46,57,78,9,21,41,29,34
54,92,96,98,78,86,48,71,10,11,66,68,21,19,76,59,89,39,52,32,17,24,45,63,14,9,26,1,0,87,42,60,13,79,53,70,62,37,8,75,31,34,80,74,16,41,51,99,18,56,30,3,20,81,91,93,82,57,88,44,83,22,35,65,49,29,12,40,69,55,5,61,25,28,85,94,43,23,90,72,15,4,50,77,47,64,73,27,38,95,7,6,2,36,67,84,97,46,33,58
