1898,0
2884,1
386,2
363,3
2652,4
120,5
1625,6
2252,7
758,8
1268,9
797,10
1114,11
206,12
925,13
2855,14
909,15
2716,16
376,17
2988,18
588,19
1522,20
1299,21
1094,22
2238,23
2146,24
2313,25
2322,26
2369,27
2329,28
2610,29
1932,30
1032,31
1754,32
443,33
2891,34
1908,35
2620,36
1309,37
1635,38
1454,39
2852,40
529,41
1381,42
477,43
2497,44
606,45
2047,46
848,47
29,48
828,49
172,50
1728,51
1389,52
1502,53
2383,54
586,55
800,56
1330,57
923,58
1249,59
1184,60
230,61
2343,62
272,63
2919,64
1385,65
316,66
1833,67
162,68
1653,69
2703,70
211,71
1763,72
2727,73
655,74
1018,75
2452,76
2381,77
107,78
2555,79
2332,80
208,81
1992,82
522,83
2041,84
1794,85
759,86
1334,87
2096,88
1547,89
566,90
785,91
355,92
518,93
653,94
753,95
2372,96
2222,97
2567,98
2492,99
2975,100
159,101
1498,102
2589,103
2202,104
358,105
1964,106
1485,107
913,108
2006,109
1428,110
1857,111
448,112
87,113
513,114
2566,115
862,116
75,117
1122,118
829,119
719,120
1173,121
1006,122
742,123
1709,124
73,125
2527,126
1825,127
1648,128
1610,129
2943,130
771,131
583,132
1523,133
545,134
1612,135
233,136
2317,137
445,138
416,139
2743,140
213,141
2953,142
12,143
1577,144
1379,145
1767,146
1398,147
1896,148
1093,149
103,150
2719,151
2239,152
2995,153
1641,154
508,155
2501,156
2198,157
378,158
1961,159
2287,160
1548,161
2934,162
334,163
1862,164
1095,165
814,166
2168,167
646,168
1441,169
2312,170
968,171
2932,172
2594,173
2737,174
1345,175
345,176
239,177
886,178
1982,179
881,180
150,181
2962,182
1262,183
227,184
10,185
2483,186
887,187
2387,188
2300,189
693,190
608,191
174,192
1097,193
1565,194
401,195
2376,196
299,197
2904,198
1597,199
2894,200
587,201
997,202
1219,203
100,204
994,205
109,206
2564,207
2994,208
1531,209
1217,210
301,211
2081,212
523,213
1126,214
2118,215
827,216
2707,217
1501,218
1893,219
2671,220
879,221
1903,222
2303,223
1464,224
674,225
311,226
2426,227
2071,228
2667,229
955,230
1685,231
81,232
336,233
1929,234
2072,235
2279,236
512,237
665,238
2462,239
2596,240
2037,241
2058,242
1980,243
2398,244
981,245
1396,246
1159,247
689,248
2581,249
2770,250
1109,251
2304,252
2874,253
1860,254
2161,255
1087,256
743,257
55,258
2856,259
2931,260
1952,261
745,262
748,263
298,264
1714,265
1108,266
917,267
2494,268
158,269
1913,270
630,271
1431,272
2617,273
1442,274
1659,275
1792,276
2057,277
2568,278
2861,279
976,280
2224,281
1977,282
2493,283
1533,284
2870,285
1279,286
2035,287
1392,288
1488,289
885,290
274,291
424,292
2780,293
1282,294
1450,295
1016,296
2764,297
2027,298
2149,299
2025,300
1770,301
867,302
246,303
2143,304
1342,305
2334,306
2138,307
1201,308
1230,309
2173,310
2871,311
266,312
2951,313
2358,314
677,315
1179,316
1492,317
1459,318
1886,319
834,320
641,321
410,322
2018,323
2786,324
1417,325
2831,326
2091,327
650,328
547,329
1546,330
904,331
215,332
379,333
1663,334
2354,335
2183,336
1350,337
2179,338
2394,339
1452,340
139,341
207,342
2956,343
1776,344
1578,345
2627,346
265,347
1660,348
977,349
1229,350
160,351
472,352
31,353
1786,354
2750,355
2448,356
50,357
1440,358
519,359
2793,360
1876,361
153,362
2968,363
2736,364
1391,365
2547,366
1556,367
2378,368
2769,369
2794,370
2967,371
747,372
1290,373
2305,374
894,375
1506,376
626,377
1871,378
1639,379
1307,380
1390,381
2784,382
2660,383
1271,384
2003,385
775,386
1063,387
604,388
2999,389
323,390
397,391
2539,392
1024,393
2128,394
818,395
574,396
922,397
2624,398
1615,399
2423,400
1654,401
1026,402
2978,403
496,404
1586,405
468,406
2644,407
2676,408
2957,409
142,410
2145,411
2218,412
1324,413
1128,414
1134,415
675,416
1237,417
1813,418
1829,419
348,420
914,421
2190,422
2346,423
1192,424
1248,425
2242,426
184,427
2233,428
1718,429
395,430
2316,431
492,432
1535,433
1185,434
368,435
822,436
51,437
2789,438
1650,439
816,440
2878,441
895,442
1910,443
1480,444
1483,445
2985,446
685,447
1220,448
2429,449
303,450
2084,451
1245,452
2569,453
2251,454
2288,455
858,456
1544,457
2571,458
1809,459
450,460
1554,461
2925,462
372,463
1296,464
1936,465
216,466
2404,467
2265,468
2525,469
1538,470
2756,471
1475,472
2080,473
1530,474
585,475
811,476
1877,477
2319,478
1285,479
572,480
473,481
2583,482
18,483
1875,484
37,485
2598,486
2917,487
1,488
1178,489
1155,490
725,491
2609,492
2949,493
2983,494
5,495
1181,496
2860,497
2159,498
1962,499
2657,500
400,501
934,502
1225,503
892,504
2829,505
1705,506
1060,507
11,508
1979,509
33,510
2195,511
2981,512
1696,513
2134,514
1553,515
466,516
1581,517
594,518
4,519
2465,520
427,521
817,522
462,523
383,524
93,525
2336,526
64,527
411,528
1703,529
2048,530
1878,531
1104,532
2516,533
251,534
346,535
812,536
702,537
679,538
2220,539
320,540
2044,541
2151,542
2774,543
2067,544
2112,545
2095,546
942,547
911,548
283,549
1994,550
929,551
304,552
2298,553
1052,554
808,555
703,556
2537,557
1693,558
27,559
2175,560
1646,561
2641,562
178,563
1311,564
1130,565
2761,566
1975,567
2335,568
2725,569
893,570
2626,571
1070,572
869,573
2150,574
292,575
966,576
1665,577
1090,578
2927,579
187,580
305,581
2877,582
2361,583
952,584
1477,585
26,586
225,587
1453,588
40,589
1743,590
1596,591
1837,592
2989,593
549,594
391,595
1790,596
2440,597
290,598
2086,599
1609,600
1346,601
1956,602
1603,603
752,604
369,605
2490,606
375,607
2424,608
1730,609
2,610
1373,611
2950,612
2308,613
2655,614
1190,615
728,616
882,617
1711,618
1009,619
182,620
1355,621
1265,622
493,623
2942,624
2213,625
1195,626
1425,627
242,628
1233,629
1119,630
1062,631
25,632
438,633
563,634
2670,635
2208,636
949,637
2193,638
296,639
2302,640
637,641
744,642
1686,643
786,644
609,645
2153,646
2686,647
1474,648
137,649
1859,650
454,651
2446,652
988,653
1760,654
92,655
2575,656
1002,657
2595,658
1131,659
985,660
2337,661
2572,662
1550,663
219,664
1239,665
2267,666
1167,667
341,668
291,669
505,670
2753,671
718,672
2615,673
1987,674
2406,675
128,676
1851,677
601,678
194,679
2906,680
937,681
1238,682
1756,683
1027,684
516,685
978,686
2148,687
849,688
2463,689
623,690
972,691
2174,692
791,693
2868,694
491,695
1135,696
1042,697
2280,698
343,699
2966,700
2715,701
236,702
958,703
382,704
2775,705
1275,706
568,707
1420,708
1274,709
919,710
2536,711
399,712
724,713
2126,714
297,715
2879,716
2093,717
1387,718
1054,719
2897,720
2197,721
198,722
244,723
319,724
2200,725
1368,726
2326,727
2729,728
2137,729
2163,730
852,731
313,732
918,733
1628,734
133,735
2114,736
155,737
192,738
2506,739
2079,740
2778,741
964,742
2865,743
35,744
1719,745
1349,746
2010,747
273,748
1981,749
1735,750
503,751
325,752
2285,753
769,754
2864,755
1102,756
930,757
294,758
1293,759
2944,760
2341,761
931,762
2206,763
1180,764
1263,765
667,766
2068,767
212,768
1473,769
2182,770
429,771
1071,772
500,773
1694,774
2648,775
1145,776
426,777
2443,778
628,779
1607,780
2963,781
1742,782
943,783
1729,784
161,785
2498,786
22,787
790,788
1351,789
1113,790
839,791
2668,792
991,793
2914,794
481,795
2015,796
2391,797
607,798
621,799
841,800
1500,801
1411,802
2880,803
1357,804
1716,805
1667,806
660,807
2557,808
1839,809
1569,810
1005,811
1207,812
1619,813
95,814
1466,815
28,816
932,817
465,818
2841,819
1638,820
2219,821
2811,822
631,823
1312,824
1558,825
78,826
640,827
2296,828
2903,829
2352,830
571,831
2722,832
2380,833
1493,834
253,835
1783,836
1900,837
248,838
713,839
327,840
528,841
2216,842
2885,843
984,844
1950,845
1899,846
1142,847
558,848
1304,849
2214,850
861,851
2524,852
52,853
32,854
2117,855
408,856
1787,857
1223,858
361,859
2535,860
175,861
347,862
2526,863
2062,864
1681,865
1959,866
171,867
1701,868
2836,869
1143,870
2007,871
1267,872
2289,873
2221,874
2579,875
439,876
2806,877
1946,878
2105,879
2226,880
149,881
2323,882
2101,883
1921,884
2886,885
1752,886
2955,887
1842,888
2826,889
2990,890
1438,891
2578,892
1585,893
2898,894
525,895
489,896
514,897
1152,898
2634,899
243,900
825,901
1518,902
2752,903
79,904
1803,905
1587,906
232,907
1955,908
1000,909
1141,910
721,911
2055,912
1323,913
659,914
774,915
809,916
638,917
422,918
535,919
2225,920
837,921
1148,922
2104,923
370,924
390,925
2116,926
948,927
1404,928
295,929
727,930
449,931
264,932
1661,933
560,934
21,935
1310,936
2674,937
2718,938
1377,939
2211,940
483,941
2691,942
865,943
1036,944
2616,945
2131,946
455,947
1264,948
2735,949
2464,950
2746,951
196,952
1058,953
987,954
1080,955
1146,956
615,957
821,958
125,959
2591,960
1012,961
715,962
135,963
2434,964
2996,965
855,966
2172,967
1677,968
276,969
1854,970
2307,971
874,972
1749,973
2229,974
2254,975
1751,976
1624,977
750,978
1562,979
1183,980
2518,981
1360,982
1997,983
444,984
453,985
1916,986
2460,987
1165,988
1231,989
2227,990
2717,991
2064,992
2368,993
1101,994
2767,995
2938,996
1630,997
2201,998
2196,999
1583,1000
118,1001
2338,1002
326,1003
618,1004
737,1005
436,1006
1106,1007
425,1008
2160,1009
2637,1010
2107,1011
2548,1012
584,1013
68,1014
258,1015
729,1016
1750,1017
1099,1018
1020,1019
1512,1020
2867,1021
2531,1022
2582,1023
2092,1024
47,1025
99,1026
2895,1027
520,1028
2075,1029
373,1030
1895,1031
1206,1032
2421,1033
1613,1034
69,1035
1772,1036
2740,1037
1617,1038
1720,1039
2818,1040
1191,1041
2065,1042
2147,1043
1199,1044
2253,1045
916,1046
210,1047
2469,1048
546,1049
2681,1050
166,1051
1232,1052
694,1053
2130,1054
2814,1055
2402,1056
690,1057
1758,1058
1779,1059
451,1060
43,1061
113,1062
1354,1063
2432,1064
709,1065
561,1066
2828,1067
766,1068
1011,1069
1670,1070
2348,1071
1038,1072
2344,1073
1019,1074
1189,1075
392,1076
1715,1077
238,1078
490,1079
1284,1080
593,1081
716,1082
2757,1083
269,1084
1132,1085
1570,1086
1121,1087
2822,1088
1873,1089
2588,1090
2030,1091
1202,1092
2586,1093
1632,1094
2061,1095
86,1096
1144,1097
3,1098
2742,1099
2209,1100
2328,1101
2024,1102
1515,1103
1781,1104
2353,1105
2164,1106
2339,1107
974,1108
1055,1109
2456,1110
2345,1111
310,1112
1495,1113
1841,1114
933,1115
927,1116
2036,1117
2552,1118
1341,1119
1782,1120
1828,1121
669,1122
866,1123
2651,1124
2004,1125
2792,1126
2262,1127
330,1128
1366,1129
2119,1130
151,1131
788,1132
900,1133
2109,1134
616,1135
1187,1136
2127,1137
2529,1138
663,1139
1273,1140
1388,1141
1434,1142
419,1143
2011,1144
228,1145
2070,1146
1616,1147
1277,1148
2186,1149
1227,1150
2156,1151
1164,1152
1572,1153
1513,1154
2108,1155
1161,1156
576,1157
537,1158
2563,1159
2266,1160
2969,1161
1479,1162
1476,1163
2264,1164
1074,1165
112,1166
935,1167
1552,1168
1560,1169
2888,1170
2748,1171
2505,1172
2488,1173
2909,1174
1382,1175
1100,1176
2162,1177
1897,1178
2851,1179
2900,1180
1046,1181
536,1182
457,1183
2972,1184
2798,1185
1317,1186
134,1187
1645,1188
1528,1189
1802,1190
157,1191
1486,1192
2053,1193
1712,1194
1753,1195
1236,1196
2133,1197
1228,1198
2622,1199
111,1200
1917,1201
2241,1202
1822,1203
396,1204
138,1205
1092,1206
256,1207
1049,1208
1302,1209
48,1210
1413,1211
1747,1212
509,1213
2189,1214
1076,1215
2846,1216
555,1217
1937,1218
602,1219
701,1220
2455,1221
2102,1222
1127,1223
726,1224
1471,1225
1912,1226
2937,1227
2246,1228
1801,1229
1394,1230
1298,1231
1069,1232
15,1233
605,1234
1316,1235
322,1236
1363,1237
666,1238
1678,1239
2428,1240
2120,1241
1171,1242
1429,1243
2435,1244
1086,1245
802,1246
1911,1247
1902,1248
1409,1249
1527,1250
2031,1251
2754,1252
1872,1253
1884,1254
2135,1255
2970,1256
2077,1257
2706,1258
792,1259
575,1260
2558,1261
1762,1262
884,1263
223,1264
2695,1265
1643,1266
2512,1267
2832,1268
471,1269
2912,1270
620,1271
14,1272
2783,1273
1068,1274
1725,1275
967,1276
1257,1277
1098,1278
2292,1279
2601,1280
366,1281
1325,1282
1526,1283
2834,1284
367,1285
805,1286
2458,1287
924,1288
1157,1289
1805,1290
2397,1291
267,1292
1079,1293
94,1294
1270,1295
2940,1296
2269,1297
255,1298
2271,1299
1904,1300
1724,1301
2295,1302
1246,1303
813,1304
1867,1305
1287,1306
1371,1307
1403,1308
1529,1309
2088,1310
61,1311
421,1312
1369,1313
67,1314
1216,1315
1402,1316
2263,1317
13,1318
1557,1319
293,1320
1861,1321
2979,1322
2853,1323
124,1324
447,1325
2235,1326
671,1327
633,1328
1218,1329
1352,1330
760,1331
2170,1332
394,1333
1085,1334
823,1335
102,1336
0,1337
442,1338
2796,1339
1778,1340
359,1341
2370,1342
540,1343
629,1344
2045,1345
1721,1346
2631,1347
1319,1348
842,1349
1593,1350
2833,1351
776,1352
350,1353
389,1354
2772,1355
114,1356
1820,1357
1821,1358
1598,1359
863,1360
146,1361
80,1362
1697,1363
2451,1364
2427,1365
1338,1366
1374,1367
2124,1368
1814,1369
1920,1370
1627,1371
1931,1372
2795,1373
1611,1374
645,1375
362,1376
2245,1377
1924,1378
888,1379
532,1380
2936,1381
197,1382
2593,1383
403,1384
1574,1385
165,1386
986,1387
2560,1388
739,1389
1084,1390
1435,1391
1755,1392
2396,1393
2823,1394
54,1395
38,1396
2807,1397
456,1398
2577,1399
434,1400
1204,1401
91,1402
661,1403
2633,1404
1463,1405
202,1406
1939,1407
1478,1408
1176,1409
2425,1410
2073,1411
2600,1412
723,1413
912,1414
1795,1415
1416,1416
1922,1417
1258,1418
2360,1419
1209,1420
2366,1421
1849,1422
2585,1423
2140,1424
864,1425
2611,1426
910,1427
2309,1428
1297,1429
2675,1430
1468,1431
2844,1432
2373,1433
1590,1434
193,1435
2619,1436
1266,1437
686,1438
832,1439
2974,1440
1594,1441
1800,1442
163,1443
1448,1444
1048,1445
20,1446
1623,1447
482,1448
188,1449
2528,1450
1901,1451
1437,1452
1602,1453
847,1454
1713,1455
2215,1456
2685,1457
2363,1458
1606,1459
437,1460
46,1461
168,1462
1289,1463
1555,1464
2711,1465
2489,1466
2321,1467
1652,1468
1673,1469
877,1470
741,1471
2260,1472
1582,1473
1889,1474
374,1475
34,1476
707,1477
2824,1478
1490,1479
440,1480
2741,1481
897,1482
1056,1483
1739,1484
1376,1485
495,1486
2980,1487
957,1488
1504,1489
2712,1490
2820,1491
908,1492
2507,1493
928,1494
789,1495
2236,1496
2293,1497
1286,1498
235,1499
1935,1500
595,1501
2714,1502
770,1503
1407,1504
1844,1505
1419,1506
377,1507
467,1508
1700,1509
2857,1510
872,1511
2755,1512
614,1513
999,1514
1212,1515
2650,1516
1626,1517
1151,1518
1957,1519
1460,1520
285,1521
2976,1522
97,1523
2554,1524
152,1525
2542,1526
2268,1527
2733,1528
1072,1529
1426,1530
1892,1531
1300,1532
2522,1533
1200,1534
569,1535
2699,1536
1954,1537
2973,1538
195,1539
2805,1540
2636,1541
2106,1542
2845,1543
2099,1544
2243,1545
664,1546
1657,1547
1775,1548
1835,1549
1406,1550
183,1551
941,1552
423,1553
2247,1554
1336,1555
1412,1556
1053,1557
824,1558
2349,1559
1013,1560
2291,1561
2679,1562
2447,1563
2371,1564
1580,1565
1738,1566
2553,1567
2347,1568
71,1569
2500,1570
1960,1571
2050,1572
402,1573
2350,1574
309,1575
2165,1576
2544,1577
591,1578
1985,1579
1205,1580
1288,1581
1993,1582
2916,1583
2270,1584
1990,1585
1105,1586
2862,1587
2026,1588
782,1589
2762,1590
2467,1591
2333,1592
1153,1593
1260,1594
464,1595
1383,1596
982,1597
564,1598
1856,1599
1996,1600
1294,1601
2422,1602
185,1603
1759,1604
2696,1605
1198,1606
1564,1607
636,1608
2643,1609
1047,1610
2809,1611
2499,1612
2089,1613
647,1614
2331,1615
2998,1616
1811,1617
2658,1618
1462,1619
380,1620
2961,1621
1858,1622
799,1623
1843,1624
2468,1625
2739,1626
1676,1627
30,1628
275,1629
1247,1630
704,1631
1469,1632
2002,1633
1668,1634
2713,1635
2351,1636
459,1637
1073,1638
2960,1639
627,1640
1380,1641
706,1642
1150,1643
1241,1644
1140,1645
1250,1646
1482,1647
920,1648
2023,1649
65,1650
1372,1651
2638,1652
806,1653
1706,1654
2364,1655
956,1656
1692,1657
1655,1658
1196,1659
2139,1660
2625,1661
1451,1662
1869,1663
1671,1664
1129,1665
164,1666
214,1667
1621,1668
6,1669
2042,1670
2800,1671
1065,1672
1882,1673
975,1674
1124,1675
96,1676
121,1677
2664,1678
2991,1679
850,1680
831,1681
1880,1682
1004,1683
2606,1684
539,1685
1281,1686
1601,1687
2136,1688
72,1689
412,1690
1335,1691
1905,1692
282,1693
1683,1694
2573,1695
2438,1696
1210,1697
1540,1698
388,1699
1305,1700
757,1701
511,1702
2921,1703
998,1704
1261,1705
1301,1706
2255,1707
241,1708
1576,1709
2766,1710
1817,1711
1971,1712
306,1713
1689,1714
732,1715
2840,1716
1057,1717
1545,1718
1573,1719
1870,1720
90,1721
795,1722
2839,1723
268,1724
2012,1725
1496,1726
98,1727
1327,1728
387,1729
2087,1730
74,1731
1588,1732
2647,1733
58,1734
413,1735
431,1736
2654,1737
2701,1738
538,1739
860,1740
42,1741
2842,1742
965,1743
83,1744
1551,1745
2365,1746
2014,1747
1322,1748
2169,1749
2185,1750
1846,1751
357,1752
2205,1753
946,1754
780,1755
2692,1756
2510,1757
2419,1758
2964,1759
2698,1760
1699,1761
2889,1762
1415,1763
469,1764
2123,1765
1446,1766
2530,1767
365,1768
2854,1769
2570,1770
2790,1771
951,1772
2275,1773
1600,1774
1308,1775
2413,1776
105,1777
2301,1778
229,1779
2459,1780
1405,1781
2054,1782
1061,1783
1444,1784
1386,1785
907,1786
1928,1787
836,1788
129,1789
286,1790
2785,1791
1035,1792
859,1793
2449,1794
2232,1795
1213,1796
2511,1797
787,1798
1826,1799
1642,1800
651,1801
342,1802
1941,1803
521,1804
619,1805
1687,1806
2000,1807
2902,1808
1507,1809
643,1810
1737,1811
2441,1812
990,1813
2359,1814
2659,1815
989,1816
1717,1817
1791,1818
857,1819
349,1820
2843,1821
1445,1822
531,1823
1339,1824
2993,1825
1543,1826
554,1827
220,1828
2457,1829
1489,1830
2414,1831
331,1832
1481,1833
2816,1834
2485,1835
131,1836
2645,1837
433,1838
2217,1839
871,1840
338,1841
1292,1842
2605,1843
1592,1844
1651,1845
2835,1846
2873,1847
250,1848
1827,1849
1947,1850
1808,1851
2484,1852
2915,1853
2881,1854
2272,1855
826,1856
352,1857
2965,1858
209,1859
1340,1860
2612,1861
200,1862
414,1863
280,1864
2248,1865
2515,1866
2066,1867
1362,1868
2913,1869
2355,1870
2773,1871
60,1872
2362,1873
763,1874
582,1875
851,1876
1175,1877
1137,1878
1168,1879
553,1880
1510,1881
7,1882
657,1883
2584,1884
2181,1885
1251,1886
2808,1887
2411,1888
2290,1889
1280,1890
2297,1891
819,1892
833,1893
2392,1894
145,1895
2662,1896
1799,1897
224,1898
2475,1899
2231,1900
2930,1901
2700,1902
110,1903
2947,1904
249,1905
1568,1906
670,1907
1003,1908
2379,1909
2945,1910
143,1911
2682,1912
181,1913
781,1914
404,1915
2384,1916
2029,1917
714,1918
1831,1919
2587,1920
115,1921
1789,1922
1244,1923
2509,1924
1254,1925
2043,1926
217,1927
870,1928
1096,1929
2100,1930
234,1931
2450,1932
784,1933
2799,1934
41,1935
480,1936
2997,1937
2646,1938
2395,1939
2180,1940
335,1941
1549,1942
1031,1943
838,1944
730,1945
415,1946
2804,1947
794,1948
845,1949
720,1950
1757,1951
1631,1952
696,1953
2481,1954
762,1955
360,1956
1007,1957
1484,1958
1037,1959
1949,1960
2628,1961
2907,1962
2519,1963
432,1964
959,1965
783,1966
2210,1967
526,1968
1083,1969
1973,1970
1965,1971
1077,1972
2632,1973
1384,1974
2412,1975
610,1976
2565,1977
1045,1978
2154,1979
1525,1980
683,1981
2561,1982
1133,1983
2684,1984
1733,1985
1745,1986
2472,1987
173,1988
1726,1989
1278,1990
634,1991
1672,1992
1154,1993
807,1994
2008,1995
2194,1996
853,1997
2689,1998
122,1999
2244,2000
2342,2001
170,2002
1359,2003
1503,2004
599,2005
578,2006
430,2007
494,2008
995,2009
2738,2010
2910,2011
1455,2012
1044,2013
1170,2014
962,2015
1505,2016
2400,2017
1375,2018
2923,2019
983,2020
654,2021
611,2022
2551,2023
1923,2024
63,2025
2318,2026
1188,2027
1832,2028
2040,2029
573,2030
1879,2031
2388,2032
2306,2033
2083,2034
1458,2035
2817,2036
736,2037
2728,2038
2184,2039
2649,2040
364,2041
2848,2042
1834,2043
1836,2044
1370,2045
1784,2046
116,2047
498,2048
1988,2049
312,2050
1764,2051
1644,2052
59,2053
649,2054
2223,2055
1852,2056
2479,2057
695,2058
2098,2059
1439,2060
902,2061
2680,2062
2401,2063
751,2064
2744,2065
1810,2066
2240,2067
337,2068
417,2069
2538,2070
579,2071
2111,2072
1995,2073
2607,2074
1242,2075
2473,2076
668,2077
1408,2078
2749,2079
552,2080
945,2081
221,2082
2866,2083
1840,2084
2731,2085
2203,2086
144,2087
1930,2088
2802,2089
1605,2090
2038,2091
1888,2092
1120,2093
1815,2094
2327,2095
740,2096
944,2097
179,2098
779,2099
2803,2100
2812,2101
1933,2102
2482,2103
1163,2104
541,2105
1111,2106
2033,2107
1166,2108
2256,2109
1978,2110
1177,2111
281,2112
835,2113
2901,2114
1991,2115
1637,2116
2094,2117
2599,2118
1968,2119
2436,2120
700,2121
1203,2122
973,2123
2858,2124
1226,2125
428,2126
1430,2127
2286,2128
1983,2129
2952,2130
891,2131
2013,2132
2514,2133
1043,2134
2669,2135
767,2136
1433,2137
1427,2138
2549,2139
226,2140
2415,2141
371,2142
1906,2143
2466,2144
1487,2145
2797,2146
329,2147
2683,2148
1541,2149
2274,2150
2550,2151
658,2152
873,2153
1028,2154
1727,2155
772,2156
1662,2157
180,2158
2076,2159
557,2160
590,2161
1744,2162
738,2163
2747,2164
1942,2165
289,2166
936,2167
1269,2168
476,2169
2294,2170
300,2171
2986,2172
1255,2173
2779,2174
501,2175
1618,2176
527,2177
340,2178
154,2179
2751,2180
2872,2181
1328,2182
1818,2183
1732,2184
612,2185
878,2186
344,2187
2665,2188
1313,2189
1640,2190
62,2191
2476,2192
8,2193
470,2194
2431,2195
2051,2196
2282,2197
1579,2198
688,2199
2310,2200
592,2201
2340,2202
722,2203
1039,2204
2882,2205
1838,2206
2933,2207
1174,2208
2444,2209
2954,2210
1410,2211
156,2212
2810,2213
2830,2214
441,2215
1033,2216
1690,2217
2113,2218
1208,2219
1118,2220
199,2221
328,2222
2276,2223
622,2224
405,2225
1276,2226
1436,2227
768,2228
2357,2229
1710,2230
2230,2231
44,2232
1976,2233
1567,2234
2495,2235
1115,2236
2442,2237
510,2238
2702,2239
252,2240
652,2241
2690,2242
1863,2243
1925,2244
2520,2245
2745,2246
530,2247
687,2248
597,2249
1418,2250
1194,2251
656,2252
36,2253
85,2254
1566,2255
2049,2256
2666,2257
435,2258
938,2259
2730,2260
351,2261
567,2262
2935,2263
381,2264
1944,2265
9,2266
2017,2267
954,2268
1193,2269
1914,2270
1197,2271
2613,2272
2604,2273
2992,2274
1524,2275
980,2276
1397,2277
708,2278
1081,2279
600,2280
2971,2281
1812,2282
1722,2283
2849,2284
409,2285
2074,2286
2677,2287
2273,2288
2825,2289
2504,2290
2142,2291
1969,2292
1306,2293
302,2294
960,2295
2603,2296
488,2297
1649,2298
2791,2299
993,2300
773,2301
1022,2302
1112,2303
2623,2304
2009,2305
1748,2306
2546,2307
533,2308
141,2309
1514,2310
2278,2311
2704,2312
1746,2313
2407,2314
190,2315
2911,2316
2005,2317
1253,2318
2486,2319
2693,2320
2922,2321
2941,2322
1970,2323
1211,2324
684,2325
506,2326
2621,2327
1589,2328
2418,2329
2642,2330
1136,2331
2454,2332
2987,2333
1449,2334
953,2335
2837,2336
2166,2337
1333,2338
2367,2339
1348,2340
1909,2341
1891,2342
259,2343
1723,2344
2503,2345
1344,2346
2723,2347
2502,2348
1414,2349
2056,2350
1765,2351
1378,2352
203,2353
803,2354
581,2355
1688,2356
2097,2357
2827,2358
1865,2359
1423,2360
1680,2361
673,2362
1472,2363
1855,2364
746,2365
1138,2366
177,2367
2152,2368
1584,2369
2314,2370
2284,2371
2403,2372
921,2373
1622,2374
70,2375
793,2376
385,2377
2597,2378
1467,2379
1797,2380
2532,2381
749,2382
2977,2383
2771,2384
2929,2385
1283,2386
1885,2387
1766,2388
1023,2389
2020,2390
1874,2391
1364,2392
1162,2393
2763,2394
632,2395
1421,2396
23,2397
1240,2398
57,2399
1051,2400
764,2401
2405,2402
1804,2403
176,2404
1088,2405
2883,2406
2721,2407
1780,2408
1796,2409
544,2410
992,2411
2697,2412
2212,2413
2420,2414
2204,2415
1561,2416
2277,2417
2782,2418
19,2419
1329,2420
1571,2421
1704,2422
1393,2423
1771,2424
2299,2425
2121,2426
642,2427
393,2428
2708,2429
279,2430
1702,2431
354,2432
2125,2433
66,2434
191,2435
2720,2436
2199,2437
2052,2438
2618,2439
705,2440
2477,2441
1491,2442
1356,2443
559,2444
2508,2445
915,2446
2574,2447
755,2448
1343,2449
1243,2450
830,2451
2540,2452
1734,2453
2688,2454
2801,2455
1708,2456
1117,2457
1172,2458
883,2459
846,2460
840,2461
2734,2462
1984,2463
1259,2464
1736,2465
1847,2466
765,2467
2374,2468
271,2469
2474,2470
486,2471
1958,2472
551,2473
333,2474
77,2475
517,2476
562,2477
1963,2478
1769,2479
2521,2480
691,2481
1945,2482
698,2483
2672,2484
1816,2485
1509,2486
1401,2487
2876,2488
2453,2489
308,2490
2167,2491
1824,2492
2090,2493
398,2494
478,2495
1470,2496
534,2497
1806,2498
1675,2499
1014,2500
2155,2501
710,2502
1511,2503
1050,2504
2237,2505
2896,2506
460,2507
1966,2508
815,2509
1695,2510
1029,2511
2819,2512
961,2513
1075,2514
1422,2515
475,2516
699,2517
1318,2518
662,2519
1432,2520
890,2521
2019,2522
2382,2523
1169,2524
1974,2525
1091,2526
2732,2527
2417,2528
1320,2529
1868,2530
2765,2531
2085,2532
1604,2533
754,2534
906,2535
756,2536
2063,2537
2709,2538
2324,2539
2694,2540
717,2541
1741,2542
314,2543
970,2544
1614,2545
1235,2546
2416,2547
2781,2548
53,2549
2562,2550
603,2551
1938,2552
648,2553
798,2554
2892,2555
2261,2556
2461,2557
484,2558
761,2559
218,2560
318,2561
307,2562
856,2563
2060,2564
2543,2565
1998,2566
1853,2567
123,2568
127,2569
254,2570
260,2571
996,2572
2629,2573
2630,2574
2330,2575
1539,2576
1400,2577
89,2578
130,2579
2437,2580
1519,2581
1030,2582
1494,2583
939,2584
2859,2585
1669,2586
2821,2587
2787,2588
262,2589
2958,2590
565,2591
2653,2592
1534,2593
2893,2594
485,2595
2592,2596
507,2597
2491,2598
2534,2599
1940,2600
2656,2601
681,2602
2132,2603
2890,2604
734,2605
2141,2606
898,2607
613,2608
1321,2609
876,2610
1656,2611
263,2612
2115,2613
201,2614
148,2615
820,2616
2661,2617
1953,2618
277,2619
1291,2620
1295,2621
1881,2622
2034,2623
2082,2624
2984,2625
1123,2626
1777,2627
2887,2628
1919,2629
1059,2630
101,2631
2470,2632
2813,2633
543,2634
1315,2635
49,2636
2177,2637
598,2638
1089,2639
247,2640
2377,2641
577,2642
2724,2643
1793,2644
2022,2645
596,2646
487,2647
474,2648
1041,2649
2776,2650
45,2651
1864,2652
1508,2653
1066,2654
1989,2655
1563,2656
731,2657
1158,2658
1773,2659
1666,2660
1788,2661
2608,2662
458,2663
1234,2664
2281,2665
1647,2666
1537,2667
1761,2668
1358,2669
1214,2670
1064,2671
497,2672
899,2673
1017,2674
339,2675
407,2676
2315,2677
1731,2678
204,2679
733,2680
463,2681
2480,2682
903,2683
2478,2684
39,2685
2918,2686
2760,2687
2385,2688
678,2689
2393,2690
2926,2691
1575,2692
384,2693
2869,2694
880,2695
926,2696
479,2697
82,2698
1943,2699
1424,2700
504,2701
2103,2702
237,2703
2207,2704
1034,2705
680,2706
639,2707
1332,2708
2471,2709
1256,2710
1110,2711
1314,2712
550,2713
1149,2714
1182,2715
2687,2716
2768,2717
1347,2718
186,2719
589,2720
2228,2721
1272,2722
1866,2723
868,2724
2838,2725
2390,2726
2320,2727
1595,2728
1542,2729
777,2730
2614,2731
2249,2732
1798,2733
2959,2734
1078,2735
1517,2736
189,2737
406,2738
796,2739
2908,2740
1664,2741
1999,2742
2602,2743
2259,2744
542,2745
1116,2746
1215,2747
136,2748
940,2749
1395,2750
1103,2751
1361,2752
1224,2753
2758,2754
1222,2755
16,2756
682,2757
810,2758
1443,2759
556,2760
2576,2761
1634,2762
1823,2763
1156,2764
502,2765
261,2766
2171,2767
2541,2768
1067,2769
2496,2770
692,2771
1353,2772
676,2773
1926,2774
963,2775
461,2776
2815,2777
1740,2778
2028,2779
2176,2780
617,2781
2726,2782
2375,2783
1986,2784
2250,2785
270,2786
1015,2787
278,2788
2389,2789
84,2790
801,2791
1894,2792
2639,2793
2640,2794
2356,2795
2046,2796
1516,2797
1303,2798
1691,2799
2039,2800
1807,2801
2513,2802
2939,2803
2899,2804
446,2805
499,2806
245,2807
1221,2808
2234,2809
222,2810
1951,2811
2759,2812
1367,2813
2078,2814
76,2815
875,2816
1636,2817
117,2818
2875,2819
1125,2820
1850,2821
24,2822
2847,2823
353,2824
1848,2825
1620,2826
1629,2827
1948,2828
2920,2829
1785,2830
570,2831
2777,2832
2158,2833
356,2834
778,2835
2710,2836
1707,2837
1521,2838
1819,2839
1658,2840
711,2841
418,2842
2311,2843
1497,2844
1160,2845
1887,2846
969,2847
624,2848
2924,2849
672,2850
580,2851
106,2852
2430,2853
126,2854
321,2855
1147,2856
971,2857
2556,2858
287,2859
2439,2860
1365,2861
2523,2862
1186,2863
2545,2864
1082,2865
2157,2866
17,2867
1536,2868
2705,2869
1456,2870
950,2871
1915,2872
2946,2873
1890,2874
119,2875
1331,2876
2559,2877
1907,2878
2678,2879
2487,2880
240,2881
2001,2882
1830,2883
1139,2884
635,2885
1532,2886
1967,2887
2408,2888
2257,2889
2517,2890
2069,2891
889,2892
317,2893
2863,2894
56,2895
1107,2896
2409,2897
324,2898
315,2899
420,2900
147,2901
257,2902
1559,2903
901,2904
515,2905
2386,2906
1337,2907
2129,2908
2144,2909
2850,2910
548,2911
2188,2912
1845,2913
2059,2914
2283,2915
1025,2916
1499,2917
1447,2918
524,2919
1465,2920
2032,2921
2187,2922
1461,2923
854,2924
1972,2925
1934,2926
2635,2927
697,2928
2445,2929
108,2930
284,2931
1918,2932
205,2933
1684,2934
896,2935
2788,2936
167,2937
2258,2938
288,2939
1457,2940
2580,2941
625,2942
2663,2943
1010,2944
2192,2945
104,2946
1698,2947
1774,2948
2928,2949
2178,2950
2948,2951
1633,2952
1252,2953
1591,2954
712,2955
1326,2956
843,2957
804,2958
332,2959
132,2960
452,2961
2325,2962
1883,2963
2433,2964
1768,2965
2905,2966
88,2967
1399,2968
2673,2969
2110,2970
844,2971
2122,2972
735,2973
231,2974
2590,2975
1608,2976
2399,2977
2016,2978
1674,2979
1021,2980
644,2981
1001,2982
1927,2983
2410,2984
1679,2985
2982,2986
2533,2987
1682,2988
979,2989
2191,2990
947,2991
1520,2992
905,2993
1008,2994
2021,2995
1040,2996
140,2997
169,2998
1599,2999
