479,0
385,1
173,2
347,3
139,4
260,5
40,6
253,7
398,8
84,9
109,10
225,11
126,12
309,13
237,14
391,15
68,16
486,17
42,18
465,19
280,20
284,21
120,22
300,23
426,24
488,25
368,26
420,27
406,28
240,29
292,30
26,31
339,32
254,33
204,34
80,35
176,36
175,37
206,38
444,39
153,40
156,41
134,42
353,43
293,44
337,45
349,46
499,47
87,48
321,49
191,50
35,51
133,52
210,53
101,54
299,55
278,56
357,57
0,58
279,59
160,60
412,61
188,62
3,63
54,64
38,65
474,66
53,67
207,68
451,69
116,70
110,71
127,72
437,73
439,74
205,75
136,76
397,77
49,78
145,79
296,80
327,81
131,82
461,83
158,84
125,85
170,86
389,87
43,88
419,89
50,90
438,91
137,92
452,93
60,94
383,95
268,96
472,97
485,98
312,99
310,100
295,101
203,102
75,103
428,104
22,105
241,106
252,107
161,108
489,109
418,110
163,111
218,112
399,113
283,114
301,115
122,116
115,117
164,118
168,119
371,120
417,121
274,122
497,123
313,124
208,125
261,126
258,127
431,128
324,129
289,130
221,131
141,132
425,133
332,134
229,135
33,136
272,137
348,138
211,139
28,140
146,141
183,142
232,143
424,144
143,145
469,146
344,147
104,148
456,149
129,150
106,151
409,152
238,153
304,154
25,155
306,156
162,157
498,158
111,159
467,160
314,161
458,162
198,163
481,164
413,165
83,166
374,167
147,168
436,169
81,170
275,171
248,172
329,173
180,174
140,175
288,176
335,177
103,178
11,179
416,180
86,181
179,182
209,183
430,184
273,185
4,186
325,187
476,188
196,189
78,190
443,191
266,192
213,193
494,194
249,195
118,196
395,197
378,198
381,199
427,200
250,201
1,202
57,203
45,204
277,205
282,206
184,207
235,208
197,209
350,210
251,211
410,212
360,213
17,214
319,215
27,216
20,217
66,218
36,219
441,220
434,221
388,222
6,223
92,224
432,225
367,226
195,227
308,228
377,229
302,230
285,231
483,232
364,233
95,234
470,235
379,236
433,237
276,238
362,239
190,240
167,241
455,242
352,243
475,244
16,245
262,246
47,247
171,248
346,249
393,250
148,251
333,252
372,253
453,254
354,255
19,256
303,257
423,258
58,259
392,260
484,261
105,262
7,263
270,264
401,265
429,266
331,267
24,268
189,269
234,270
181,271
317,272
55,273
343,274
48,275
121,276
316,277
386,278
223,279
10,280
457,281
13,282
18,283
192,284
117,285
30,286
403,287
365,288
90,289
46,290
414,291
421,292
400,293
440,294
128,295
404,296
227,297
442,298
144,299
82,300
359,301
380,302
23,303
336,304
287,305
230,306
247,307
445,308
245,309
340,310
318,311
493,312
369,313
31,314
63,315
41,316
402,317
233,318
155,319
51,320
358,321
76,322
328,323
330,324
165,325
405,326
52,327
159,328
320,329
294,330
217,331
199,332
259,333
67,334
187,335
15,336
2,337
212,338
236,339
222,340
478,341
326,342
242,343
228,344
363,345
201,346
394,347
373,348
96,349
135,350
85,351
477,352
482,353
215,354
214,355
69,356
387,357
34,358
157,359
200,360
152,361
490,362
44,363
59,364
487,365
269,366
77,367
150,368
315,369
286,370
460,371
99,372
422,373
142,374
454,375
89,376
79,377
70,378
74,379
297,380
178,381
341,382
231,383
473,384
407,385
239,386
305,387
342,388
435,389
243,390
463,391
91,392
408,393
415,394
334,395
71,396
32,397
356,398
355,399
298,400
281,401
265,402
107,403
132,404
338,405
97,406
495,407
267,408
224,409
449,410
496,411
100,412
154,413
351,414
464,415
290,416
112,417
219,418
88,419
94,420
311,421
114,422
37,423
448,424
9,425
246,426
322,427
307,428
411,429
123,430
244,431
174,432
450,433
177,434
271,435
138,436
185,437
124,438
256,439
263,440
64,441
220,442
291,443
56,444
370,445
193,446
462,447
366,448
492,449
166,450
226,451
459,452
468,453
102,454
182,455
12,456
216,457
169,458
119,459
257,460
65,461
108,462
390,463
480,464
8,465
382,466
471,467
72,468
14,469
396,470
466,471
149,472
323,473
491,474
98,475
29,476
21,477
194,478
62,479
172,480
73,481
264,482
202,483
255,484
361,485
447,486
5,487
345,488
39,489
130,490
61,491
384,492
93,493
113,494
376,495
151,496
186,497
446,498
375,499
