0, 350
0, 55
0, 34
0, 388
0, 41
0, 267
0, 71, -1
0, 222, -1
0, 251
0, 289
1, 389
1, 276
1, 187
1, 36
1, 232
1, 24
1, 10
1, 29
1, 113
1, 143
1, 259
1, 318
2, 243
2, 283
2, 134
2, 176
2, 366
2, 364
2, 204
3, 214
3, 257
3, 352
3, 340
3, 139
3, 310
3, 119
3, 154
3, 242
3, 315
4, 75
4, 34
4, 283
4, 152
4, 142
4, 113
4, 35
4, 143
4, 187
4, 188
4, 308
5, 327
5, 138
5, 133
5, 75
5, 139
5, 390
5, 73
5, 77
5, 79
5, 147
5, 191
5, 239
5, 376
6, 333
6, 308
6, 169
6, 389
6, 184
6, 135
6, 52
6, 92
6, 150
6, 156
6, 164
6, 396
7, 54
7, 239
7, 314
7, 210
7, 242
7, 303
7, 129
7, 282
7, 369
8, 7
8, 231
8, 287
8, 327
8, 284
8, 13
8, 267
8, 114
8, 136
8, 201
8, 274
9, 244
9, 171
9, 398
9, 359
9, 257
9, 125
9, 26
9, 59
9, 70
9, 87
9, 123
9, 201
9, 212
9, 220
9, 299
9, 301
9, 334
10, 258
10, 382
10, 374
10, 330
10, 202
10, 164
10, 33
10, 83
10, 138
10, 162
10, 268
10, 340
10, 372
11, 2, -1
11, 253
11, 121
11, 305
11, 323
11, 185
11, 111
11, 94
11, 156
11, 263
11, 358
12, 273
12, 150
12, 279
12, 26
12, 204
12, 230
12, 44
12, 299
12, 348
12, 359
12, 386
13, 2
13, 348
13, 268
13, 308
13, 237
13, 52
13, 174
13, 16
13, 20
13, 160
13, 222
13, 236
13, 315
13, 354
13, 371
13, 373
13, 379
14, 132
14, 46
14, 230
14, 64
14, 131
14, 311, -1
14, 66
14, 102
14, 115
14, 155
14, 283
14, 349
14, 369
15, 48
15, 396
15, 383
15, 179
15, 57
15, 173
15, 30
15, 49
15, 51
15, 86
15, 229
15, 272
15, 333
16, 5
16, 246, -1
16, 391
16, 317
16, 35
16, 242
16, 364
16, 82
16, 135
16, 161
16, 196
16, 378
17, 54
17, 226
17, 219
17, 232
17, 200
17, 240
17, 166
17, 205
17, 287
17, 346
17, 353
18, 207
18, 187
18, 8
18, 393
18, 310
18, 54
18, 32
18, 86
18, 211
19, 14
19, 52, -1
19, 339
19, 106
19, 129
19, 250
19, 100
19, 158
19, 215
19, 233
20, 11
20, 72
20, 51
20, 21
20, 82
20, 399
20, 121
20, 70
20, 152
20, 208
20, 211
20, 297
20, 339
20, 379
21, 4
21, 198
21, 327
21, 376
21, 323
21, 384
21, 135
21, 377
22, 6
22, 17
22, 18
22, 197
22, 392
22, 171
22, 142
22, 289
22, 236
22, 63
22, 93
22, 116
22, 277
22, 344
23, 235
23, 47
23, 317
23, 310
23, 208
23, 256
23, 38
23, 102
23, 146
23, 246
23, 286
23, 389
24, 22
24, 182
24, 319
24, 395
24, 187
24, 256
24, 143
24, 34
24, 91
24, 118
24, 215
24, 345
24, 361
24, 396
25, 373
25, 126
25, 212
25, 123
25, 360
25, 21
25, 118
25, 153
25, 260
26, 163
26, 12
26, 234
26, 333
26, 387
26, 2
26, 180
26, 214
26, 248
26, 257
27, 0, -1
27, 6
27, 162
27, 352
27, 62
27, 293
27, 172
27, 93
27, 197
27, 244
28, 296
28, 283
28, 346
28, 289
28, 372
28, 367
28, 44
28, 75
28, 107
28, 113
28, 140
28, 178
28, 250
28, 271
28, 278
28, 281
29, 251
29, 389
29, 8
29, 204
29, 163
29, 210
29, 132
29, 137
29, 203
29, 211
29, 269
29, 329
30, 334
30, 165
30, 81
30, 312
30, 353
30, 144
30, 55
30, 59
30, 191
30, 215
30, 321
31, 354
31, 15
31, 97
31, 369
31, 200
31, 154
31, 335
32, 124
32, 19
32, 136
32, 48
32, 240
32, 295
32, 76
32, 205
32, 216
32, 293
32, 350
32, 370
32, 380
33, 224
33, 140
33, 138
33, 119
33, 258
33, 387
33, 125
33, 171
33, 207
33, 234
33, 288
33, 295
33, 302
33, 352
34, 13
34, 147
34, 163
34, 5
34, 252, -1
34, 15
34, 203
34, 146
34, 274
34, 298
34, 301
35, 13
35, 85
35, 278
35, 136
35, 269
35, 367
35, 373
36, 309
36, 135
36, 71
36, 158
36, 82
36, 332
36, 72
36, 78
36, 133
36, 192
36, 194
36, 247
36, 362
37, 23
37, 126
37, 105
37, 391
37, 56, -1
37, 53
37, 169
37, 46
37, 67
37, 120
37, 149
37, 179
37, 205
37, 207
37, 229
37, 270
37, 308
37, 366
38, 398
38, 203
38, 54
38, 181
38, 224
38, 293
38, 68
38, 365
38, 382
38, 385
39, 14
39, 232
39, 111
39, 302
39, 64
39, 168
39, 75
39, 139
39, 150
39, 238
39, 245
39, 274
39, 340
39, 341
40, 367
40, 325
40, 138, -1
40, 328
40, 209
40, 393
40, 68
40, 99
40, 121
40, 163
40, 200
40, 201
40, 203
40, 212
40, 230
40, 370
40, 394
40, 395
41, 204
41, 14
41, 308
41, 369
41, 112
41, 159
41, 97
41, 152
41, 215
41, 223
41, 289
42, 8
42, 322
42, 75
42, 94
42, 171
42, 234
42, 115
42, 49
42, 137
42, 154
42, 183
42, 210
42, 237
42, 249
42, 250
42, 300
43, 321
43, 104
43, 152
43, 41
43, 189
43, 6
43, 80
43, 112
43, 133
43, 242
43, 270
43, 397
44, 49
44, 90
44, 178
44, 233
44, 42
44, 62
44, 158
44, 170, -1
44, 213
44, 227
44, 242
44, 284
44, 357
44, 378
45, 376
45, 47
45, 156
45, 322
45, 150
45, 233
45, 227
45, 256
45, 319
45, 364
45, 383
46, 100
46, 334
46, 202
46, 70
46, 329
46, 368
46, 83
46, 119
46, 174
46, 190
46, 211
46, 255
47, 14
47, 169
47, 372
47, 233
47, 172
47, 387
47, 4
47, 149
47, 152
47, 185
47, 249
47, 267
47, 270
47, 354
48, 240
48, 184
48, 303
48, 155
48, 78
48, 395
48, 122
48, 232
48, 276
48, 347
49, 16
49, 37
49, 235
49, 100
49, 326
49, 17
49, 67, -1
49, 91
49, 59
49, 88
49, 104
49, 313
49, 338
50, 42
50, 124
50, 274
50, 95
50, 73
50, 135
50, 90
50, 69
50, 169
50, 260
50, 300
50, 355
50, 387
50, 397
51, 3
51, 2
51, 0
51, 69
51, 39
51, 325
51, 103
51, 127
51, 216
51, 251
51, 375
52, 354
52, 282
52, 83
52, 14, -1
52, 266
52, 152
52, 56
52, 70
52, 95
52, 146
52, 171
52, 213
52, 238
52, 275
52, 316
53, 153
53, 173
53, 276
53, 167
53, 29
53, 64
53, 77
53, 161
53, 164
53, 175
53, 199
53, 281
54, 152
54, 80
54, 378
54, 60
54, 373
54, 66
54, 62
54, 96
54, 233
54, 306
54, 334
55, 42
55, 228
55, 87
55, 243
55, 364
55, 34
55, 202
55, 65
55, 69
55, 209
55, 279
55, 283
55, 368
56, 49
56, 286
56, 100
56, 46
56, 44
56, 134
56, 358
56, 64
56, 173
56, 314
56, 335
57, 28
57, 377
57, 305
57, 188
57, 41
57, 138
57, 85
57, 133
58, 221
58, 61
58, 348
58, 217
58, 350
58, 312
58, 84
58, 286
59, 4
59, 46
59, 301
59, 150
59, 394
59, 144
59, 216
59, 120
59, 262
59, 271
59, 340
59, 367
59, 397
60, 23
60, 231
60, 119
60, 169
60, 51
60, 262
60, 128
60, 112
60, 135
61, 161
61, 127
61, 338
61, 347
61, 114
61, 249
61, 277
62, 24
62, 151
62, 120
62, 125
62, 58
62, 322
62, 74
62, 79
62, 83
62, 157
62, 199
62, 221
62, 246
62, 294
63, 300
63, 159
63, 74
63, 375
63, 239
63, 165
63, 98
63, 111
63, 134
63, 328
64, 22
64, 55
64, 234
64, 187
64, 208
64, 119
64, 24
64, 111
64, 260
64, 280
64, 307
64, 310
64, 330
64, 391
65, 27
65, 59
65, 280
65, 131
65, 214
65, 181
65, 251
65, 198
65, 68
65, 75, -1
65, 92
65, 115
65, 250
65, 252
65, 293
65, 297
65, 380
66, 56
66, 307
66, 271
66, 6
66, 279
66, 229
66, 287
66, 78
66, 227
66, 241
66, 336
67, 54
67, 93
67, 75
67, 204
67, 99
67, 202
67, 137
67, 116
67, 189
67, 250
67, 314
67, 371
67, 374
68, 58
68, 398
68, 106
68, 170
68, 166
68, 368
68, 143
68, 189
68, 300
68, 348
68, 365
69, 12
69, 367
69, 306
69, 41
69, 394
69, 123
69, 109
69, 165
69, 166, -1
70, 4
70, 62
70, 81
70, 92
70, 260
70, 16
70, 137
70, 356
70, 176
70, 293
70, 311
71, 195
71, 7
71, 38
71, 153
71, 83
71, 387
71, 112
71, 123
71, 233
71, 249, -1
71, 340
71, 348
71, 362
71, 384
71, 392
72, 355
72, 301
72, 241
72, 190
72, 372
72, 354
72, 79
72, 124
72, 287
72, 306
73, 235
73, 113
73, 338
73, 11
73, 0, -1
73, 182
73, 234
73, 245
73, 280
73, 292
73, 376
74, 44
74, 285
74, 209
74, 197
74, 73
74, 327
74, 27
74, 189
74, 212
74, 247
74, 287
74, 303
74, 334
75, 188
75, 191
75, 115
75, 219
75, 399
75, 355
75, 290
75, 297
76, 0
76, 2
76, 23
76, 39
76, 341
76, 179
76, 80
76, 186
76, 114
76, 116
76, 268
76, 316
76, 389
77, 17
77, 47
77, 160
77, 121
77, 170, -1
77, 258
77, 143
77, 255
77, 104
77, 136
78, 57, -1
78, 37
78, 189
78, 8
78, 19
78, 179
78, 94
78, 96
78, 180
78, 186
78, 214
78, 256
78, 290
78, 332
78, 388
79, 15
79, 63
79, 55
79, 215
79, 358
79, 125
79, 131
79, 301
79, 165
79, 168
79, 365
79, 374
80, 49
80, 208
80, 341, -1
80, 259
80, 393
80, 34
80, 81
80, 96
80, 148
80, 193
80, 231
81, 287
81, 241
81, 284
81, 165
81, 242
81, 63
81, 138
81, 183
81, 207
81, 327
81, 331
81, 343
82, 139
82, 253
82, 301
82, 88
82, 293
82, 318
82, 119
82, 212
82, 263
82, 274, -1
82, 341
83, 9
83, 274
83, 41
83, 55
83, 351
83, 311
83, 163
83, 153
83, 235
83, 376
84, 217
84, 161
84, 222
84, 372
84, 323
84, 369
84, 113
84, 130
84, 140
84, 141
84, 186
84, 301
84, 312
84, 333
84, 359
84, 364
85, 227
85, 205
85, 144
85, 7
85, 158
85, 320
85, 92
85, 98
85, 151
85, 188
85, 391
86, 25
86, 28
86, 316
86, 224
86, 342
86, 39
86, 162
86, 117
86, 214
86, 339
86, 382
86, 399
87, 8
87, 235
87, 238
87, 255
87, 33
87, 307
87, 304
87, 155
87, 205
87, 288
88, 21
88, 58
88, 237
88, 128
88, 139
88, 170
88, 163
88, 66
88, 151
88, 185
88, 269
88, 273
88, 331
88, 386
89, 80
89, 163
89, 22
89, 124
89, 70
89, 349
89, 132
89, 145
89, 166
89, 239
89, 344
90, 10
90, 88
90, 356
90, 299
90, 312
90, 164, -1
90, 379
90, 15
90, 205
90, 287
90, 310
90, 353
90, 396
91, 43
91, 168
91, 170
91, 366
91, 14
91, 166
91, 201
91, 105
91, 161
91, 213
91, 312
91, 318
91, 399
92, 310
92, 182
92, 218
92, 359
92, 307
92, 266
92, 191
92, 244
92, 292
93, 178
93, 287
93, 142
93, 388
93, 100
93, 27
93, 95
93, 193
93, 221
93, 323
94, 2
94, 52
94, 17
94, 221
94, 69
94, 313
94, 226
94, 269
94, 123
94, 131
94, 178
94, 250
94, 254
95, 208
95, 309
95, 171
95, 166
95, 218
95, 232
95, 106
95, 172
95, 181
95, 234
95, 359
95, 370
95, 396
96, 37
96, 46
96, 63
96, 297
96, 97
96, 106
96, 313
96, 231
96, 221
96, 187
96, 335
96, 375
97, 24
97, 41
97, 43
97, 171
97, 174
97, 132
97, 277
97, 389
97, 248
97, 99
98, 36
98, 81
98, 294
98, 301
98, 221
98, 359
98, 70
98, 155
98, 152
98, 182
99, 82
99, 324
99, 80
99, 122
99, 267
99, 153
99, 117
99, 119
99, 160
99, 202
99, 210
99, 220
99, 293
99, 361
100, 11
100, 18
100, 34
100, 31
100, 154
100, 329
100, 101
100, 127
100, 230
100, 133
100, 138
100, 305
100, 330
100, 373
100, 390
101, 79
101, 44
101, 93
101, 393
101, 185
101, 227
101, 190
101, 173, -1
101, 280
101, 361
102, 308
102, 347
102, 244
102, 67
102, 141
102, 35
102, 108
102, 243
102, 357
103, 60
103, 275
103, 179
103, 3
103, 95
103, 130
103, 10
103, 108
104, 58
104, 127
104, 159
104, 196
104, 169
104, 359
104, 182
104, 187
104, 199
104, 253
105, 24
105, 52
105, 322
105, 344
105, 144
105, 170
105, 270
105, 154
105, 206
105, 232, -1
105, 303
106, 34
106, 74
106, 384
106, 38
106, 44
106, 315
106, 205
106, 6
106, 190
106, 278
106, 279
106, 303
106, 359
106, 383
106, 386
107, 16
107, 43
107, 100
107, 279
107, 291
107, 275
107, 145
107, 161
107, 328
107, 143
107, 204
107, 235
107, 294
107, 299
107, 371
107, 394
107, 399
108, 58
108, 61
108, 72
108, 368, -1
108, 13
108, 43
108, 206
108, 301
108, 124
108, 340
109, 24
109, 256
109, 305
109, 353
109, 48
109, 93
109, 355
109, 144
109, 163
109, 239
109, 291
109, 333
109, 347
109, 356
110, 13
110, 33
110, 272
110, 373
110, 164
110, 353
110, 146
110, 94
110, 165
110, 179
110, 196
110, 266
110, 267
110, 343
111, 106
111, 285
111, 291
111, 187
111, 18
111, 159
111, 165
111, 194
111, 236
111, 299
111, 353
111, 373
112, 68
112, 219
112, 374
112, 65
112, 110
112, 228
112, 354
112, 150
112, 256
113, 1
113, 106
113, 308
113, 373
113, 398
113, 64
113, 131
113, 54
113, 194
113, 219
113, 317
113, 330
114, 87
114, 110
114, 88
114, 217
114, 312
114, 190
114, 60
114, 300
114, 198
114, 286
114, 289
114, 334
114, 368
115, 72
115, 265
115, 12
115, 231
115, 360
115, 382
115, 139
115, 208
115, 233
115, 313
115, 380
115, 388
116, 1
116, 6
116, 35
116, 366
116, 86
116, 245
116, 133
116, 63
116, 19
116, 152
116, 219
116, 242
116, 339
117, 68
117, 97
117, 40
117, 62
117, 253
117, 148
117, 73
117, 289
117, 142
117, 162
117, 223
117, 269
117, 280
117, 352
117, 381
118, 39
118, 101
118, 103
118, 117
118, 154
118, 205
118, 397
118, 94
118, 83
118, 265
118, 141
118, 229
118, 232
118, 299
118, 377
119, 30
119, 56
119, 108
119, 318
119, 155
119, 322
119, 308
119, 17
119, 368
119, 224
119, 247
119, 283
120, 37
120, 63
120, 89
120, 211
120, 256
120, 348
120, 183
120, 339
120, 352
120, 159
120, 203
120, 208
120, 251
120, 269
121, 64
121, 110
121, 333
121, 209
121, 300
121, 343
121, 225
121, 163
121, 262
121, 277
122, 78
122, 86
122, 217
122, 23
122, 20
122, 3
122, 14
122, 354
122, 174
122, 201
122, 350
123, 35
123, 239
123, 343
123, 320
123, 397
123, 270
123, 348
123, 178
123, 218
123, 392
124, 56
124, 90
124, 39
124, 79
124, 189
124, 366
124, 312
124, 232
124, 195
124, 323
124, 378
125, 60
125, 95
125, 186
125, 56
125, 156
125, 189
125, 172
125, 328
125, 195
125, 235
125, 271
125, 300
126, 269
126, 162
126, 235
126, 224
126, 236
126, 325
126, 241
126, 372
126, 387
127, 246
127, 18
127, 371
127, 269
127, 185, -1
127, 157
127, 167
127, 206
127, 230
127, 232
127, 296
127, 297
128, 25
128, 40
128, 50
128, 66
128, 125
128, 380
128, 89
128, 65
128, 47
128, 182
128, 315
129, 39
129, 234
129, 269
129, 320
129, 178
129, 274
129, 165, -1
129, 259
129, 291
130, 72
130, 129
130, 306
130, 80
130, 160
130, 30
130, 52
130, 62
130, 164
130, 167
130, 180
130, 235
130, 253
131, 71
131, 100
131, 307
131, 57
131, 297
131, 278
131, 255
131, 271
131, 162
131, 299
131, 363
132, 90
132, 100
132, 297
132, 41
132, 97
132, 270
132, 340
132, 36
132, 380
133, 35
133, 40
133, 387
133, 120
133, 278
133, 339
133, 306
133, 3
133, 136
133, 164
133, 271
134, 26
134, 51
134, 56
134, 61, -1
134, 66
134, 198
134, 108
134, 14
134, 21
134, 359
134, 381
134, 244
134, 341
134, 351
134, 369
135, 20
135, 57
135, 38
135, 36
135, 88
135, 184
135, 356
135, 392
135, 178
135, 235
135, 251
135, 320
135, 375
136, 6, -1
136, 130
136, 219
136, 245
136, 342, -1
136, 11
136, 333
136, 213
136, 344
136, 345
136, 358, -1
136, 360
137, 25
137, 95
137, 143
137, 263
137, 106
137, 308
137, 399
137, 232
137, 179
137, 303
137, 336
137, 354
137, 378
138, 2
138, 123
138, 225
138, 209
138, 355
138, 380
138, 88
138, 337
138, 230
138, 257
139, 138
139, 360
139, 85
139, 141
139, 68
139, 294
139, 221
139, 295
140, 0
140, 38
140, 83
140, 182
140, 229
140, 41
140, 64
140, 291
140, 368
140, 179
140, 201
140, 277
141, 20
141, 66
141, 106
141, 286
141, 375
141, 88
141, 297
141, 172
141, 191, -1
141, 196
141, 379
142, 54
142, 67
142, 129
142, 32
142, 87
142, 243
142, 263
142, 372
142, 118
142, 198
142, 207
142, 393
143, 62
143, 71
143, 122
143, 137
143, 161
143, 47
143, 328
143, 43
143, 37
143, 315
144, 60
144, 73
144, 85
144, 50
144, 223
144, 286
144, 194
144, 231
144, 255
144, 248
144, 252
144, 256
144, 264
144, 335
145, 88
145, 113
145, 7
145, 6
145, 185
145, 251
145, 91
145, 57
145, 189
145, 269
145, 383
146, 64
146, 107
146, 114
146, 82
146, 337
146, 81
146, 359
146, 117
146, 396
146, 246
146, 248
146, 389
147, 383
147, 335
147, 138
147, 80
147, 234
147, 175
147, 217
147, 223
147, 252
148, 22
148, 115
148, 266
148, 268
148, 168
148, 308
148, 6
148, 57
148, 346
149, 3
149, 18
149, 113
149, 140
149, 27
149, 199
149, 251
149, 117
149, 333
149, 209
149, 396
150, 64
150, 84
150, 91
150, 246
150, 379
150, 340
150, 239
150, 32
150, 128
150, 184
150, 263
150, 286
150, 376
150, 391
150, 398
151, 0
151, 12
151, 85
151, 120
151, 122
151, 330
151, 86
151, 350
151, 289
151, 254
151, 70
152, 30
152, 107
152, 110
152, 121
152, 287
152, 365
152, 243
152, 239
152, 335
152, 288
152, 372
152, 397
153, 111
153, 325
153, 121
153, 245
153, 109
153, 216
153, 261
154, 28
154, 132
154, 135
154, 346
154, 92
154, 380
154, 225
154, 201
154, 209
154, 386
155, 21
155, 69
155, 138
155, 140
155, 127
155, 331
155, 104
155, 128
155, 113, -1
155, 222
155, 157
155, 206
155, 274
155, 347
155, 395
155, 397
156, 14
156, 41
156, 55
156, 59
156, 80
156, 131
156, 138
156, 155
156, 375
156, 324
156, 23
156, 345
156, 161
156, 193
156, 266
156, 344
157, 31
157, 40
157, 51
157, 128
157, 272
157, 149
157, 257
157, 14
157, 284, -1
157, 267
157, 254
157, 292
157, 307
158, 9
158, 12
158, 70
158, 114
158, 359
158, 4
158, 349
158, 28
158, 215
158, 157
158, 231
158, 292
158, 311
158, 341
158, 365
158, 387
159, 31
159, 49
159, 90
159, 174
159, 239
159, 254
159, 73
159, 304
159, 78
159, 187
159, 194
159, 219
159, 372
159, 382
160, 15
160, 43
160, 81
160, 142
160, 213
160, 90
160, 335
160, 357
160, 390
160, 96
160, 168
160, 244
160, 260
160, 278
160, 379
161, 65
161, 66
161, 94
161, 168
161, 59
161, 169
161, 242
161, 285
161, 310
161, 341
162, 22
162, 89
162, 116
162, 125
162, 350
162, 124
162, 249
162, 32
162, 286
162, 106
162, 172, -1
162, 217
162, 309
162, 325
162, 334
163, 10
163, 36
163, 109
163, 267
163, 201
163, 95
163, 18
163, 386
163, 110
163, 242
163, 290
163, 302
163, 304
163, 332
164, 12
164, 97
164, 117
164, 160
164, 317
164, 92
164, 376
164, 294
164, 162
164, 220
164, 199
164, 226
165, 28
165, 31
165, 100
165, 114
165, 131
165, 4
165, 112
165, 75
165, 393
165, 335
165, 163
165, 330
165, 334
166, 103
166, 158
166, 220
166, 249
166, 211
166, 241
166, 76
166, 214
166, 245
166, 273
166, 345
166, 363
166, 387
167, 158
167, 352
167, 309
167, 393
167, 149
167, 58
167, 305
167, 261
167, 337
167, 376
167, 384
168, 29, -1
168, 87
168, 99
168, 256
168, 88
168, 392
168, 259
168, 127
168, 394
168, 197
168, 330
169, 21
169, 23
169, 121
169, 282
169, 203
169, 43
169, 262
169, 146
169, 352
169, 189
169, 257
169, 261
169, 281
169, 371
169, 395
170, 6
170, 29
170, 40
170, 89
170, 344
170, 372
170, 19
170, 233
170, 132
170, 90
170, 174
170, 239
170, 312
171, 12
171, 158
171, 226
171, 92
171, 50
171, 33
171, 67
171, 181
171, 209
171, 296
171, 393
172, 99
172, 104
172, 137, -1
172, 139
172, 20
172, 343
172, 80
172, 357
172, 245
172, 351
172, 238
173, 18
173, 43
173, 136
173, 372
173, 14
173, 120
173, 390
173, 118
173, 176
173, 232
173, 262
174, 35
174, 68
174, 39
174, 296, -1
174, 125
174, 57
174, 269
174, 75
174, 211
175, 1
175, 70
175, 82
175, 219
175, 45
175, 323
175, 136
175, 167
175, 193
175, 181
175, 333
175, 362
175, 374
175, 397
176, 18
176, 22
176, 76
176, 170
176, 359
176, 306
176, 195
176, 268
176, 143
176, 30
176, 349
176, 362
177, 43
177, 123
177, 127
177, 59
177, 356
177, 292
177, 230
177, 63
177, 366
178, 11
178, 220
178, 350
178, 253
178, 368
178, 362
178, 365
179, 16
179, 51
179, 105
179, 156
179, 275
179, 232
179, 251
179, 71
179, 126
179, 83
179, 359
180, 44
180, 103
180, 93
180, 97
180, 199
180, 360
180, 268
180, 238
180, 228
180, 275
181, 35
181, 49, -1
181, 115
181, 333
181, 337
181, 228
181, 202
181, 292
181, 258
181, 268
182, 25
182, 76
182, 110
182, 257
182, 319
182, 12, -1
182, 247
182, 230
182, 364
182, 246
182, 267
182, 309
183, 12
183, 175
183, 396
183, 170
183, 292
183, 298
183, 310
183, 91
183, 275
183, 370
184, 17
184, 84
184, 133
184, 233
184, 198
184, 104
184, 354
184, 212
184, 145
184, 335
184, 399
185, 87
185, 106
185, 125
185, 362
185, 226
185, 119
185, 57
185, 52
185, 96
186, 71
186, 111
186, 116
186, 348
186, 121
186, 376
186, 358
186, 264
186, 188
186, 197
186, 390
187, 50
187, 244
187, 22
187, 269
187, 313
187, 185
187, 221
187, 226
187, 394
188, 23
188, 125
188, 136
188, 222
188, 328
188, 340
188, 247
188, 51
188, 218
188, 258
188, 311, -1
188, 364
188, 367
189, 62
189, 102
189, 164
189, 271
189, 349
189, 163
189, 158
189, 88
189, 28
189, 323
189, 331
190, 166
190, 199
190, 138
190, 380
190, 145
190, 71
190, 158
190, 208
190, 313
190, 315
190, 367
190, 379
190, 385
191, 1
191, 76
191, 105
191, 167
191, 312
191, 355
191, 306
191, 272
191, 315
191, 239
191, 225
191, 255
191, 356
191, 393
192, 36
192, 171
192, 375
192, 347
192, 395
192, 362
192, 95
192, 301
192, 224
192, 346
192, 371
193, 53
193, 77
193, 158
193, 168
193, 204
193, 13
193, 97
193, 282
193, 245
193, 54
193, 197
193, 275
193, 360
194, 26
194, 124
194, 168
194, 117
194, 329
194, 62
194, 13
194, 183
194, 332
194, 226
194, 279
194, 288
194, 315
195, 149
195, 180
195, 193
195, 234
195, 321
195, 263
195, 290
195, 177
195, 10
196, 87
196, 155
196, 186
196, 345
196, 252
196, 119
196, 14
196, 101
196, 234
196, 326
196, 398
197, 169
197, 221
197, 196
197, 265
197, 243
197, 280
197, 233
197, 202
197, 337
197, 339
197, 390
198, 8
198, 195
198, 4
198, 363
198, 390
198, 314
198, 282
198, 217
198, 270
198, 310
198, 336
198, 360
198, 393
199, 45
199, 295
199, 273
199, 21
199, 337
199, 243
199, 338, -1
199, 214
199, 216
199, 225
199, 303
199, 314
199, 394
200, 32
200, 196, -1
200, 106
200, 256
200, 341
200, 156
200, 126
200, 247
200, 259
200, 266
200, 320
201, 21
201, 44
201, 150
201, 155
201, 371
201, 213
201, 167
201, 51
201, 206
201, 138
201, 208
201, 281
201, 320
201, 338
202, 28
202, 69
202, 77
202, 132
202, 158
202, 356
202, 147
202, 310
202, 312
202, 246
202, 216
202, 272
202, 384
203, 15
203, 37
203, 49
203, 127
203, 302
203, 96
203, 199
203, 332, -1
203, 177
203, 68
203, 338
203, 382
204, 11
204, 27
204, 147
204, 200
204, 288
204, 119
204, 305
204, 374
204, 334
204, 284
204, 216
204, 265
204, 301
204, 347
205, 9
205, 45
205, 94
205, 156
205, 256
205, 17
205, 55
205, 340
205, 279
205, 259
205, 227
205, 234
205, 324
206, 45
206, 63
206, 172
206, 174
206, 193
206, 114
206, 140
206, 371
206, 15
206, 320
206, 298
206, 309
206, 352
207, 136
207, 192
207, 232
207, 325
207, 363
207, 331
207, 253
207, 32
207, 259
207, 282
207, 310
207, 343
208, 65
208, 106
208, 116
208, 123
208, 153
208, 398
208, 340
208, 224
208, 75
208, 269
208, 183
208, 232
208, 284
208, 295
208, 342
208, 391
208, 392
209, 47
209, 141
209, 168
209, 255
209, 321
209, 176
209, 61
209, 233
209, 160
209, 249
210, 91
210, 98
210, 120
210, 135
210, 177
210, 389
210, 265
210, 300
210, 108
210, 111
210, 147
210, 304
210, 381
210, 383
211, 26
211, 57
211, 181
211, 144
211, 151
211, 260
211, 398
211, 197
211, 301
211, 326
212, 87
212, 230
212, 140
212, 142
212, 284
212, 320
212, 228, -1
212, 256
212, 346
213, 60
213, 64
213, 118
213, 130
213, 160, -1
213, 167
213, 181
213, 138
213, 155
213, 185
213, 348
213, 187
213, 161
213, 221
213, 321
213, 324
213, 343
213, 375
214, 9
214, 102, -1
214, 108
214, 118
214, 171
214, 173
214, 348
214, 27
214, 285
214, 160
214, 8
214, 247
214, 241
214, 252
214, 317
214, 354
215, 3
215, 85
215, 91
215, 99
215, 156
215, 76
215, 297
215, 189, -1
215, 260
215, 348
215, 170
216, 40
216, 71
216, 121
216, 126
216, 132
216, 155
216, 165
216, 171
216, 123
216, 285
216, 179
216, 243
216, 229
216, 255
216, 256
216, 381
216, 386
217, 3
217, 32
217, 38
217, 97
217, 192
217, 56
217, 270
217, 104
217, 164
217, 200, -1
217, 370
217, 226
217, 265
217, 315
218, 33
218, 79
218, 103
218, 270
218, 189
218, 64
218, 121
218, 208
218, 389
218, 254
218, 355
219, 3
219, 15
219, 151
219, 195
219, 275
219, 344
219, 263
219, 143
219, 34
219, 367
219, 311, -1
220, 26
220, 117
220, 242
220, 120
220, 246
220, 131
220, 244
220, 189
220, 265
220, 304
221, 27
221, 170
221, 292
221, 22
221, 311
221, 120, -1
221, 37
221, 255
221, 250
221, 263
221, 278
221, 287
222, 57
222, 58
222, 60
222, 140
222, 166
222, 283
222, 129
222, 299
222, 242
222, 81
222, 131
222, 277
222, 282
222, 344
223, 30
223, 41
223, 105
223, 118
223, 220
223, 312
223, 240
223, 159
223, 374
223, 207
223, 331, -1
223, 349
224, 141
224, 172
224, 192, -1
224, 113
224, 278
224, 102
224, 164
224, 218
224, 245
224, 230
224, 317
225, 67
225, 171
225, 240
225, 394
225, 296
225, 297
225, 167
225, 208
225, 278
226, 75
226, 209
226, 377
226, 248
226, 94
226, 229
226, 318
226, 19
226, 274
226, 277
226, 306
226, 319
226, 340
227, 85
227, 90
227, 98
227, 103
227, 138
227, 142
227, 162
227, 58
227, 187
227, 269
227, 71
227, 132
227, 346
228, 98, -1
228, 134
228, 165
228, 167
228, 219
228, 224
228, 303
228, 189
228, 353
228, 272
228, 172
228, 355
228, 335
229, 7
229, 45
229, 130
229, 132
229, 148
229, 159
229, 328
229, 134
229, 33
229, 282
229, 144
229, 247
229, 295
229, 394
230, 130
230, 1
230, 44
230, 169
230, 227, -1
230, 248
230, 5
230, 240
230, 272
231, 21
231, 92
231, 139
231, 190
231, 224
231, 324
231, 362
231, 346
231, 140
231, 371
231, 137
231, 239
232, 10
232, 165
232, 221
232, 119
232, 90
232, 223
232, 212
232, 247
232, 308
233, 132
233, 328
233, 206
233, 115
233, 192
233, 194
233, 335
233, 356
233, 384
234, 54
234, 66
234, 154
234, 263
234, 118
234, 282
234, 345
234, 19
234, 333
234, 298
234, 353
235, 89, -1
235, 107
235, 130
235, 97
235, 21
235, 253
235, 366
235, 267
235, 294
235, 328
236, 11
236, 54
236, 77
236, 182
236, 194
236, 388
236, 139
236, 47
236, 191
236, 22
236, 380
236, 251
236, 273
237, 58
237, 93
237, 155
237, 156
237, 92
237, 216
237, 198
237, 134
237, 343
238, 14
238, 64
238, 122
238, 128
238, 143
238, 222
238, 263, -1
238, 109
238, 154
238, 376
238, 183
238, 10
238, 275
238, 301
238, 320
238, 345
238, 391
239, 55
239, 102
239, 158
239, 200
239, 58
239, 68
239, 189
239, 370
239, 298
239, 278
239, 264
239, 358
239, 377
240, 88
240, 230, -1
240, 334
240, 96
240, 375
240, 346
240, 260
240, 171
240, 254, -1
240, 357
240, 382
241, 74
241, 86
241, 108
241, 220
241, 260
241, 76
241, 111
241, 205
241, 270
241, 264
241, 289
241, 328
241, 385
242, 72
242, 184
242, 239
242, 98
242, 118
242, 206
242, 41
242, 200
242, 157
242, 257
242, 282
242, 297
242, 302
242, 355
243, 29
243, 117
243, 131
243, 189
243, 228
243, 144
243, 181
243, 355
243, 247
243, 55
243, 69
243, 319
243, 395
244, 13
244, 243
244, 312
244, 63, -1
244, 304
244, 340
244, 398
244, 323
244, 396
245, 140
245, 154, -1
245, 183
245, 192
245, 131
245, 238
245, 298
245, 276
245, 29
245, 332
245, 287
245, 327
245, 391
246, 7
246, 156
246, 182
246, 240
246, 36
246, 100, -1
246, 388
246, 169
246, 91
246, 80
246, 367
247, 134
247, 142
247, 145
247, 157
247, 177
247, 50
247, 72
247, 368
247, 322
247, 305
247, 86
247, 310
247, 379
248, 84
248, 113
248, 223
248, 247
248, 283
248, 207
248, 240
248, 71
248, 197
248, 335
248, 322
248, 371
249, 74
249, 94
249, 161
249, 373
249, 216
249, 89
249, 255
249, 397
249, 193
249, 316
250, 22
250, 222
250, 238, -1
250, 244
250, 138
250, 281
250, 170
250, 56
251, 33
251, 117
251, 163
251, 206
251, 326
251, 89
251, 131
251, 66
251, 14
251, 219
251, 252
251, 333
251, 372
251, 390
252, 95
252, 118
252, 301
252, 0
252, 188
252, 382
252, 60
252, 267
252, 308
252, 319
252, 375
253, 42
253, 110
253, 112
253, 158
253, 38
253, 329
253, 393
253, 374
253, 372
253, 296
253, 337
254, 46
254, 134
254, 136
254, 151
254, 237
254, 247
254, 102
254, 323
254, 224
254, 50
254, 43
254, 239
254, 261
254, 293
254, 296
254, 353
255, 2
255, 19
255, 45
255, 116
255, 148
255, 166
255, 185
255, 236
255, 277
255, 343
255, 125
255, 163
255, 144
255, 191
255, 353
256, 67
256, 91
256, 97
256, 104
256, 126
256, 179
256, 200
256, 287
256, 178
256, 354
256, 275
256, 117
256, 258
256, 341
257, 170
257, 200
257, 253
257, 174
257, 284
257, 159
257, 70
257, 225
257, 264
257, 271
257, 319
257, 373
258, 7
258, 82
258, 126
258, 127, -1
258, 137
258, 199
258, 128
258, 285
258, 149
258, 250
258, 252
258, 181
258, 380
259, 48
259, 94
259, 148
259, 231
259, 277
259, 115
259, 336
259, 166
259, 294
259, 152
259, 309
260, 98
260, 324
260, 354
260, 84
260, 359
260, 23
260, 298
261, 88
261, 128
261, 265
261, 26
261, 29
261, 213
261, 183
261, 238
261, 318
261, 351
262, 26
262, 52
262, 74
262, 211
262, 214
262, 233
262, 21
262, 63
262, 81
262, 170
262, 272
262, 326
262, 366
263, 253
263, 156
263, 101, -1
263, 198
263, 308
263, 61
263, 2
263, 307
263, 346
264, 48
264, 50
264, 124
264, 168
264, 226, -1
264, 181
264, 213
264, 91
264, 388
264, 57
264, 216
265, 38
265, 85
265, 92
265, 101
265, 182
265, 231
265, 304
265, 45
265, 66
265, 127
265, 113
265, 381
265, 317
266, 24
266, 101
266, 387
266, 289
266, 373
266, 294
266, 304
266, 333
266, 364
267, 17
267, 91
267, 102
267, 229
267, 243
267, 320
267, 117
267, 270
267, 187
267, 37
267, 343
267, 279
267, 284
267, 325
267, 329
267, 348
267, 398
268, 138
268, 196
268, 385
268, 364
268, 243
268, 211
268, 181
268, 377
268, 382
269, 132
269, 135
269, 175
269, 195
269, 36
269, 387
269, 30
269, 311
269, 14
269, 125
270, 238
270, 394
270, 257
270, 72
270, 319
270, 110
270, 295
270, 328
270, 362
270, 368
270, 386
271, 153
271, 162
271, 188
271, 243
271, 384
271, 334
271, 121
271, 149
271, 214
271, 312
271, 325
271, 328
272, 60
272, 93
272, 167
272, 213
272, 221
272, 246
272, 249
272, 1
272, 79
272, 193
272, 77, -1
272, 10
272, 192
272, 304
272, 329
272, 355
272, 389
273, 4
273, 109
273, 192
273, 245
273, 125
273, 274
273, 378
273, 114
273, 351
273, 57
273, 300
273, 329
273, 332
273, 339
273, 349
273, 377
273, 388
274, 8
274, 23
274, 106
274, 112
274, 175
274, 210
274, 288
274, 103
274, 158
274, 19
274, 0
274, 324
274, 325
274, 337
274, 384
274, 388
275, 73
275, 143
275, 205
275, 252
275, 311
275, 259
275, 89
275, 26
275, 240
275, 267
275, 276
275, 361
276, 0
276, 298
276, 160
276, 307
276, 187
276, 119
276, 53
276, 291
276, 308
276, 345
277, 24
277, 115
277, 141
277, 163
277, 173
277, 177
277, 208
277, 243
277, 165
277, 118
277, 361, -1
277, 232
277, 371
277, 393
277, 295
277, 317
277, 320
277, 354
278, 6
278, 16
278, 19
278, 28
278, 78
278, 157
278, 217
278, 389
278, 133
278, 106
278, 151
278, 374
278, 83
278, 352, -1
279, 46
279, 144
279, 174
279, 97
279, 131
279, 358
279, 171, -1
279, 160
279, 62
280, 18
280, 20
280, 63
280, 134
280, 144
280, 196
280, 136
280, 93
280, 21
280, 302
280, 242
280, 31
280, 286
280, 393
281, 65
281, 89
281, 153
281, 162
281, 176
281, 262
281, 276
281, 251
281, 131
281, 337
281, 323
281, 387
281, 204
281, 389
282, 127
282, 169
282, 203
282, 241
282, 245
282, 133
282, 182
282, 1
282, 220
282, 75
282, 378
283, 8
283, 57
283, 128
283, 169
283, 223
283, 237
283, 238
283, 155
283, 219, -1
283, 222
283, 341
283, 201
283, 351
283, 305
283, 354
284, 113
284, 330
284, 35
284, 194
284, 392
284, 316
284, 369
284, 374
284, 395
285, 75
285, 133
285, 184
285, 255
285, 222
285, 326
285, 238
285, 229
285, 43
285, 259
285, 304
285, 306
286, 53
286, 120
286, 144
286, 177
286, 203
286, 268
286, 311
286, 95
286, 186
286, 130
286, 224
286, 32
286, 296
287, 85
287, 124
287, 142
287, 147
287, 222
287, 225
287, 261
287, 119
287, 399
287, 37
287, 25
287, 357
287, 234
287, 294
287, 333
287, 348
288, 122
288, 287
288, 399
288, 128
288, 31
288, 373
288, 398
288, 298
289, 86
289, 143
289, 174
289, 254
289, 257
289, 197
289, 326, -1
289, 333
289, 196
289, 353
289, 251
290, 148
290, 159
290, 275
290, 320
290, 74
290, 390
290, 142
290, 270
290, 171
290, 302
290, 357
290, 358
290, 381
291, 10
291, 47
291, 214
291, 286
291, 149
291, 76
291, 313, -1
291, 319
291, 321
291, 398
292, 32
292, 244
292, 265
292, 19
292, 278
292, 207
292, 134
292, 92
292, 268
292, 337
293, 19
293, 24
293, 107
293, 144
293, 233
293, 254
293, 388
293, 231
293, 172
293, 95
293, 136
293, 322
293, 338
294, 53
294, 151
294, 183
294, 266
294, 283
294, 299
294, 54
294, 117
294, 359
294, 164
294, 173, -1
294, 298
294, 316
294, 398
295, 30
295, 88
295, 96
295, 149
295, 202
295, 104
295, 346
295, 153
295, 151
295, 366
295, 17
295, 318
296, 76
296, 196
296, 198
296, 207
296, 217
296, 384
296, 95
296, 143
296, 72
296, 237
296, 319
296, 364
297, 8
297, 50
297, 240
297, 281
297, 288
297, 289
297, 67
297, 48
297, 292
297, 34
297, 379
297, 75
297, 301
297, 327
297, 351
297, 381
298, 176
298, 198
298, 370, -1
298, 58
298, 137
298, 11
298, 288
298, 81
298, 342
298, 350
299, 62
299, 191
299, 202
299, 223
299, 218
299, 55
299, 89
299, 184
299, 370
299, 305
300, 13
300, 89
300, 187
300, 267
300, 60
300, 129
300, 362
300, 216
300, 334
300, 316
301, 76
301, 230
301, 39
301, 106
301, 93
301, 363
301, 67
301, 225
302, 27
302, 114
302, 121
302, 180
302, 220
302, 285
302, 155
302, 55
302, 29
302, 102
302, 361
302, 262
302, 312
303, 3
303, 139
303, 200
303, 370
303, 209
303, 234
303, 208
303, 129
303, 85
303, 352
303, 378
303, 398
303, 399
304, 36
304, 141
304, 267
304, 306
304, 336
304, 311
304, 244
304, 65
304, 180
304, 312
305, 13
305, 29
305, 115
305, 291
305, 354
305, 72
305, 241
305, 261
305, 94
305, 386
305, 349
306, 216
306, 231
306, 234
306, 291
306, 303
306, 41, -1
306, 81
306, 343
306, 311
306, 111
306, 357
306, 337
307, 51
307, 101
307, 292
307, 327
307, 315
307, 83
307, 149
307, 64
307, 289
307, 326
308, 25
308, 56
308, 157
308, 20
308, 268
308, 172
308, 305
308, 117
308, 286
308, 361
309, 9
309, 61
309, 119
309, 307
309, 381
309, 281
309, 262
309, 51
309, 123
309, 218
309, 366
310, 57
310, 147
310, 235
310, 336
310, 162, -1
310, 89
310, 305
310, 200
310, 373
311, 11
311, 32
311, 50
311, 326
311, 39
311, 74
311, 320
312, 11
312, 185
312, 225
312, 258
312, 279
312, 212
312, 158
312, 170
312, 348
312, 85
312, 338
312, 318
312, 332
312, 351
313, 14
313, 16
313, 38
313, 108
313, 203
313, 219
313, 283
313, 307
313, 42
313, 71
313, 5
313, 397
313, 55
313, 221
313, 338
313, 357
314, 41
314, 61
314, 93
314, 104
314, 151
314, 223
314, 228
314, 324
314, 12
314, 298
314, 259
314, 220
314, 331
315, 125
315, 144
315, 153
315, 306
315, 294
315, 386
315, 388
315, 269
315, 121
316, 72
316, 128
316, 170, -1
316, 193
316, 249
316, 16
316, 140
316, 286
316, 295
316, 9
316, 263
316, 360
316, 363
317, 17
317, 34
317, 42
317, 73
317, 209
317, 240
317, 273
317, 268
317, 387
317, 309
317, 104
317, 358
317, 80
317, 322
317, 349
318, 29
318, 220
318, 231
318, 248
318, 270
318, 291
318, 397
318, 269
318, 125
318, 290
318, 195
318, 322
318, 326
318, 368
318, 372
318, 388
319, 128
319, 204
319, 228
319, 253
319, 305
319, 231
319, 331
319, 10
319, 352
319, 291
320, 115
320, 131
320, 186
320, 206
320, 264
320, 285
320, 176
320, 223
320, 272
320, 12
320, 147
320, 235
320, 394
321, 4
321, 20
321, 71
321, 316
321, 187
321, 276
321, 95
321, 184
321, 107
321, 140
322, 19
322, 42
322, 80
322, 100
322, 155
322, 191
322, 195
322, 212
322, 168
322, 396
322, 351
322, 143
322, 359
322, 46
322, 356
322, 390
323, 130
323, 302
323, 311
323, 313
323, 138
323, 326
323, 129
323, 299
323, 75, -1
323, 373
323, 338
324, 53
324, 129
324, 213
324, 243
324, 264
324, 31
324, 259
324, 121
324, 177
324, 112
324, 2
324, 331
324, 392
325, 221
325, 278
325, 44
325, 93
325, 145
325, 270
325, 305
325, 53
326, 126
326, 142
326, 253
326, 295, -1
326, 154
326, 173
326, 262
326, 345
326, 104
326, 385
326, 365
326, 368
327, 78, -1
327, 149
327, 325, -1
327, 151
327, 338
327, 118
327, 368
327, 193
327, 312
327, 329
328, 99
328, 131, -1
328, 150
328, 234
328, 264
328, 298
328, 76
328, 171
328, 106, -1
328, 97
328, 237
328, 363
329, 93
329, 193
329, 284
329, 317
329, 321
329, 118
329, 197
329, 135
329, 137
329, 141
329, 394
329, 345
329, 377
330, 34
330, 62
330, 90
330, 137
330, 313
330, 326
330, 113
330, 136
330, 347
330, 39
330, 199
330, 397
330, 351
330, 383
331, 37
331, 39
331, 65
331, 96
331, 280
331, 302
331, 14
331, 89
331, 108
331, 3
331, 350
331, 267
331, 373
332, 0
332, 169
332, 183
332, 188
332, 73
332, 388
332, 396
332, 296
332, 201
332, 149
333, 54
333, 93
333, 175
333, 180
333, 215
333, 257
333, 268
333, 348
333, 121
333, 299
333, 305
333, 154
333, 27
333, 361
334, 121
334, 367
334, 274
334, 97
334, 42
334, 15
335, 83
335, 218
335, 285
335, 290
335, 296
335, 314
335, 28
335, 242
335, 292
335, 196
335, 126
335, 212
336, 77
336, 152
336, 215
336, 289
336, 222
336, 328
336, 308
336, 154
336, 86
336, 284
336, 364
336, 385
337, 5
337, 41
337, 104
337, 140
337, 271
337, 137
337, 71
337, 9
337, 106
337, 306
337, 216
337, 363
338, 48
338, 253
338, 309
338, 311
338, 144
338, 315
338, 161
338, 135
338, 193
338, 192
339, 45
339, 50
339, 159
339, 309
339, 324
339, 329
339, 272
339, 356
339, 7
339, 106
339, 382
340, 21
340, 27
340, 80
340, 246
340, 305
340, 314
340, 320
340, 158
340, 32
340, 181
340, 70
340, 346
340, 81
340, 384
341, 145
341, 241
341, 336
341, 348
341, 190
341, 369
341, 392
341, 28
341, 91
341, 366
341, 388
342, 84
342, 147
342, 206
342, 293
342, 114
342, 172
342, 332
342, 324
342, 383
342, 268
343, 81
343, 84
343, 92
343, 111
343, 190
343, 219
343, 284
343, 59
343, 226
343, 182
343, 361
343, 191
343, 235
344, 3
344, 80
344, 145
344, 146
344, 158
344, 218
344, 226
344, 68
344, 328
344, 365
344, 254
344, 207
344, 236
345, 31
345, 114
345, 160
345, 248
345, 228
345, 261
345, 378
345, 5
345, 332
345, 38
346, 61
346, 118
346, 272
346, 332
346, 344
346, 223
346, 327
346, 166
346, 26
346, 213
346, 58
347, 154
347, 160
347, 169
347, 260
347, 281
347, 51
347, 245
347, 138
347, 18
347, 370
347, 317
347, 357
348, 176
348, 184
348, 46
348, 74
348, 137
348, 273
348, 164
348, 150
348, 383
349, 65
349, 178
349, 342
349, 288
349, 271
349, 212
349, 177
349, 241
349, 263, -1
349, 358
350, 120
350, 255
350, 265
350, 304
350, 336
350, 347
350, 212
350, 119
350, 375
350, 329
350, 356
350, 132
350, 366
350, 369
350, 392
351, 109
351, 125
351, 171
351, 179
351, 184
351, 190
351, 229
351, 282
351, 285
351, 223
351, 64
351, 25
351, 252
351, 149
351, 65
352, 38
352, 90
352, 127
352, 202
352, 327
352, 182
352, 29
352, 259
352, 55
352, 137
352, 314
353, 177
353, 156
353, 376
353, 199
353, 163
353, 325
353, 394
353, 356
353, 374
354, 69
354, 204
354, 286
354, 207
354, 111
354, 394
354, 375
354, 343
354, 122
355, 9
355, 31
355, 161
355, 308
355, 195
355, 268
355, 346
355, 335
355, 341
355, 186
356, 5
356, 30
356, 120
356, 237
356, 268
356, 342
356, 350
356, 108
356, 314
356, 175
356, 75
356, 39
356, 51
357, 52
357, 124
357, 163
357, 207
357, 236
357, 325
357, 276
357, 346
357, 168
357, 307
357, 348
357, 296
357, 380
358, 52
358, 136
358, 225
358, 297
358, 270
358, 282, -1
358, 275
358, 172
358, 90
358, 47
358, 389
358, 395
359, 41
359, 109
359, 126
359, 173
359, 186
359, 210
359, 227
359, 358
359, 98
359, 138
359, 257
359, 193
359, 264
359, 370
359, 387
360, 10
360, 48
360, 109
360, 147
360, 184
360, 228
360, 237
360, 270
360, 273
360, 280
360, 290
360, 126
360, 221
360, 148
360, 395
360, 124
360, 392
360, 399
361, 73
361, 96
361, 202
361, 265
361, 314
361, 350
361, 355
361, 329
361, 349
361, 307
361, 48
361, 179
361, 305
361, 385, -1
361, 387
362, 19
362, 53
362, 172
362, 313
362, 20
362, 148
362, 355, -1
362, 373
362, 258
362, 301
363, 1
363, 36
363, 145
363, 149
363, 10, -1
363, 157
363, 178
363, 86
363, 323
363, 379
364, 14
364, 54
364, 111
364, 210
364, 217
364, 272
364, 324
364, 158
364, 105
364, 176
364, 189
364, 141
364, 379
364, 368
365, 185
365, 198
365, 218
365, 241
365, 285
365, 362
365, 354
365, 128
365, 264
365, 295
365, 254
365, 125
366, 4
366, 25
366, 34
366, 52
366, 148
366, 8
366, 313
366, 176
366, 71
366, 189
367, 81
367, 130
367, 244
367, 306
367, 315
367, 266
367, 322
367, 125
367, 300
367, 191
368, 15
368, 53, -1
368, 157
368, 172
368, 330
368, 214
368, 111
368, 285
368, 389
368, 339
368, 220
369, 79
369, 68
369, 118
369, 127
369, 268
369, 246
369, 345
369, 385
370, 27
370, 176
370, 300
370, 352
370, 263
370, 324
370, 330
370, 46
370, 234, -1
370, 364
371, 19
371, 42
371, 170
371, 318
371, 331
371, 311
371, 43
371, 324
371, 69
371, 145
371, 206
372, 86
372, 197
372, 294
372, 53
372, 32
372, 295
372, 382
372, 317
372, 232
373, 17
373, 33
373, 40
373, 72
373, 173
373, 276
373, 283
373, 323
373, 366
373, 241
373, 213
373, 350
373, 273
373, 309
373, 142
374, 7
374, 20
374, 129
374, 240
374, 251
374, 26
374, 360
374, 253
374, 203
374, 394
374, 31
375, 46
375, 218
375, 227
375, 261
375, 351
375, 281
375, 295
375, 75
375, 258
375, 271
375, 32
376, 32
376, 73
376, 312
376, 327
376, 342
376, 363
376, 374
376, 334
376, 375
376, 184
376, 133
376, 228
376, 4
376, 393
377, 36
377, 48
377, 111
377, 122
377, 159
377, 210
377, 222
377, 93
377, 65
377, 59
377, 124
377, 14
377, 166
378, 51
378, 82
378, 105
378, 260
378, 276
378, 322
378, 187
378, 46
378, 264
378, 97
378, 9
378, 41
379, 32
379, 186
379, 190
379, 228
379, 33
379, 7, -1
379, 26
379, 83
379, 333
380, 67
380, 159
380, 282
380, 360
380, 203
380, 302
380, 62
380, 230
380, 149
381, 7
381, 31
381, 95
381, 248
381, 310
381, 328
381, 343
381, 163
381, 269
381, 282
381, 114
381, 179
382, 37
382, 55
382, 105
382, 110
382, 112
382, 135
382, 350
382, 360
382, 217
382, 311
382, 190
382, 102
382, 175
383, 1
383, 97
383, 134
383, 217
383, 322, -1
383, 339
383, 320
383, 201
383, 334
383, 113
383, 237
383, 310
384, 39
384, 55
384, 126
384, 129
384, 199
384, 266
384, 276
384, 332
384, 370
384, 373
384, 142
384, 368
384, 283
384, 46
384, 269
385, 47
385, 67
385, 194
385, 259
385, 272
385, 290
385, 86
385, 76
385, 55
385, 347
385, 395
385, 394
386, 33
386, 50
386, 58
386, 75
386, 81
386, 145
386, 245
386, 263
386, 273
386, 292
386, 355
386, 18
386, 61
386, 325
386, 211
386, 91
386, 326
387, 159
387, 323
387, 343
387, 304
387, 63
387, 162
387, 263
387, 269
387, 15
388, 5
388, 15
388, 72
388, 146
388, 178
388, 188
388, 236
388, 259
388, 262
388, 263
388, 226
388, 154
388, 264
388, 277
388, 330
388, 333
389, 44
389, 66
389, 224
389, 348
389, 367
389, 256
389, 293
389, 95
389, 227
389, 102
389, 15
390, 5
390, 47
390, 107
390, 177
390, 183
390, 212
390, 225
390, 270
390, 240
390, 246
390, 326
390, 103
390, 207
391, 101
391, 117
391, 181
391, 198
391, 240
391, 142
391, 16
391, 215
391, 274
391, 34
391, 51
392, 61
392, 69
392, 83
392, 135
392, 163
392, 175
392, 185
392, 237
392, 242
392, 321
392, 252
392, 55
392, 295
392, 293
392, 311
392, 315
393, 39
393, 59
393, 78
393, 197
393, 267, -1
393, 321
393, 359
393, 77
393, 271
393, 142
393, 94
393, 8
393, 251
394, 109
394, 258
394, 305
394, 307
394, 336
394, 360
394, 150
394, 289
394, 283
394, 213
394, 300
394, 137
395, 47
395, 204
395, 258
395, 145
395, 84
395, 326
395, 134
395, 291
395, 127
396, 70
396, 94
396, 101
396, 146
396, 164
396, 266
396, 294
396, 137
396, 364
396, 292
396, 313
396, 198
397, 5
397, 111
397, 121
397, 150
397, 236
397, 284
397, 347
397, 367
397, 390
397, 59
397, 286
397, 241
397, 245
397, 225
397, 102
398, 82
398, 148
398, 165
398, 279
398, 288
398, 271
398, 393
398, 394
398, 14
398, 324
398, 350
399, 39, -1
399, 48
399, 204
399, 262
399, 174
399, 265
399, 43
399, 165
399, 374
399, 347
