0, 151
0, 3
0, 339
0, 83
0, 419
0, 391
0, 36
0, 154
0, 162
0, 239
0, 409
1, 327
1, 339
1, 337
1, 69
1, 245
1, 423
1, 235
1, 22
1, 110
1, 113
1, 137
1, 180
1, 372
1, 376
1, 432
2, 330
2, 157
2, 31
2, 126
2, 166
2, 232
2, 6
2, 160
2, 263
2, 286
3, 236
3, 387
3, 367
3, 132
3, 280
3, 389
3, 156
3, 9
3, 54
3, 291
3, 299
3, 350
3, 356
3, 407
3, 424
3, 462
4, 350
4, 19
4, 138
4, 149
4, 128
4, 249
4, 25
4, 30
4, 45
4, 54
4, 278
4, 283
4, 406
5, 1
5, 149
5, 100
5, 51
5, 59, -1
5, 242
5, 481
5, 50
5, 40
5, 247
5, 448
5, 459
6, 13
6, 191
6, 480
6, 81
6, 148
6, 364
6, 211
6, 99
6, 127
6, 178
6, 226
6, 320
6, 322
6, 346
7, 2
7, 240
7, 326
7, 352
7, 387
7, 444
7, 276
7, 433
7, 209
7, 220
7, 307
7, 338
7, 361
7, 425
7, 449
8, 378
8, 494
8, 100
8, 141
8, 288
8, 223
8, 208
8, 118
8, 126
8, 127
8, 215
8, 296
8, 407
8, 420
8, 424
8, 488
9, 143
9, 340
9, 215
9, 377
9, 277
9, 447
9, 392
9, 57
9, 106
9, 189
9, 220
9, 405
9, 443
9, 446
9, 485
10, 364
10, 404
10, 254
10, 336
10, 182
10, 1
10, 424
10, 314
10, 399
11, 193
11, 393
11, 335
11, 314
11, 219
11, 23
11, 453
11, 20
11, 65
11, 107
11, 120
11, 129
11, 255
11, 290
11, 412
11, 426
12, 487
12, 453
12, 70
12, 482
12, 342
12, 480
12, 179
12, 17
12, 24
12, 44
12, 62
12, 89
12, 90
12, 137
12, 143
12, 165
12, 328
12, 398
12, 456
13, 8
13, 41
13, 310
13, 25
13, 149
13, 380
13, 438
13, 59
13, 27
13, 42
13, 156
13, 162
13, 180
13, 213
13, 217
13, 227
13, 432
13, 453
14, 268
14, 88
14, 167
14, 261
14, 177
14, 296
14, 265
14, 21
14, 68
14, 130
14, 160
14, 297
14, 388
14, 451
15, 51
15, 214
15, 459
15, 470
15, 272
15, 72
15, 380
15, 113
15, 136
15, 169
15, 232
15, 395
15, 437
15, 444
15, 482
16, 289
16, 12
16, 431
16, 91
16, 338
16, 439
16, 54
16, 28
16, 139
16, 156
16, 166
16, 181
16, 262
16, 319
16, 455
16, 465
16, 472
16, 474
16, 491
17, 279
17, 476
17, 187
17, 72
17, 358
17, 481
17, 30
17, 27
17, 83
17, 170
17, 255
17, 328
17, 443
18, 331
18, 281
18, 455
18, 2
18, 280
18, 474
18, 453
18, 56
18, 105
18, 260
18, 288
18, 310
18, 324
18, 366
18, 414
18, 481
19, 0
19, 265
19, 247
19, 283
19, 373
19, 330
19, 14
19, 112
19, 118
19, 219
19, 243
19, 313
19, 419
20, 457
20, 149
20, 117
20, 474
20, 144
20, 221
20, 270
20, 69
20, 181
20, 262
20, 358
20, 463
21, 345
21, 315
21, 335
21, 173
21, 154
21, 414
21, 300
21, 134
21, 341
21, 417
21, 442
22, 484
22, 265
22, 377
22, 391
22, 111
22, 494
22, 124
22, 45
22, 67
22, 87
22, 143
22, 192
22, 330
22, 404
23, 182
23, 31
23, 111
23, 373
23, 204
23, 46
23, 333
23, 48
23, 67
23, 74
23, 98
23, 162
23, 183
24, 1
24, 359
24, 383
24, 189
24, 124
24, 438
24, 185
24, 472
24, 86
24, 96
24, 264
24, 274
24, 380
24, 401
24, 435
25, 451
25, 271
25, 409
25, 388
25, 249
25, 50
25, 483
25, 42
25, 89
25, 108
25, 212
25, 241
26, 113
26, 259
26, 252
26, 93
26, 449
26, 494
26, 286
26, 33
26, 37
26, 79
26, 114
26, 200
26, 370
26, 382
26, 399
27, 206
27, 489
27, 460
27, 5
27, 292
27, 162
27, 384
27, 46
27, 76
27, 261
27, 266
27, 314
27, 366
27, 391
27, 486
28, 168
28, 100
28, 177
28, 251
28, 460
28, 229
28, 286
28, 142
28, 248
28, 340
28, 422
28, 442
28, 461
29, 17
29, 427
29, 74
29, 33
29, 123
29, 180
29, 463
29, 219
29, 107
29, 233
29, 361
29, 408
29, 409
30, 461
30, 44
30, 297
30, 189
30, 466
30, 434
30, 455
30, 128
30, 176
30, 320
30, 338
30, 364
31, 153
31, 177
31, 338
31, 253
31, 331
31, 286
31, 441
31, 431
32, 59
32, 48
32, 246
32, 133
32, 314
32, 205
32, 257
32, 109
32, 112
32, 299
32, 386
32, 454
32, 458
32, 480
33, 62, -1
33, 310
33, 164
33, 390
33, 122
33, 82
33, 7
33, 60
33, 204
33, 289
33, 374
33, 391
33, 402
33, 412
34, 184
34, 212
34, 425
34, 366
34, 350
34, 123
34, 125
34, 139
34, 292
34, 484
34, 496
35, 34
35, 389
35, 19
35, 412
35, 7
35, 453
35, 350
35, 127
35, 121
35, 171
35, 237
35, 251
35, 276
35, 334
35, 415
35, 421
36, 28
36, 386
36, 23
36, 371
36, 92
36, 418
36, 41
36, 3
36, 53
36, 257
36, 308
37, 13
37, 39
37, 235
37, 241
37, 283
37, 11
37, 330
37, 294
37, 168
37, 287
37, 303
37, 377
38, 25
38, 36
38, 363
38, 384
38, 393
38, 45
38, 162
38, 356
38, 92
38, 105
38, 147
38, 176
38, 253
38, 261
38, 327
38, 425
38, 431
38, 434
38, 457
39, 292
39, 17
39, 194
39, 191
39, 441
39, 210
39, 140
39, 46
39, 154
39, 408
40, 146
40, 46
40, 151
40, 181
40, 139
40, 454
40, 256
40, 95
40, 101
40, 161
40, 378
40, 398
40, 410
40, 486
41, 16
41, 262
41, 479
41, 67
41, 403
41, 379
41, 228
41, 42
41, 145
41, 146
41, 484
41, 493
41, 495
42, 244
42, 29
42, 439
42, 404
42, 336
42, 398
42, 252
42, 254
42, 275
43, 3
43, 287
43, 211
43, 424
43, 488
43, 239
43, 361
43, 214
43, 65
43, 161
43, 279
44, 34
44, 327
44, 6
44, 149
44, 126
44, 257
44, 325
44, 238
44, 125
44, 192
44, 264
44, 361
44, 396
44, 400
44, 412
45, 1
45, 252
45, 350
45, 357
45, 220
45, 351
45, 153
45, 110
45, 71
45, 78
45, 107
45, 167
45, 183
45, 281
45, 296
45, 409
45, 481
45, 482
45, 491
46, 12
46, 87
46, 246
46, 142
46, 259
46, 371
46, 432
46, 360
46, 56
46, 242
46, 353
46, 370
46, 442
46, 454
47, 70
47, 427
47, 238
47, 457
47, 201
47, 382
47, 178
47, 104
47, 193
47, 357
47, 420
48, 14
48, 15
48, 28
48, 197
48, 53
48, 356
48, 279
48, 189
48, 144
48, 323
48, 92
48, 115
48, 231
48, 272
48, 299
48, 395
48, 463
49, 7
49, 214
49, 158
49, 249
49, 196
49, 98
49, 324
49, 383
49, 93
49, 323
49, 400
49, 410
49, 413
49, 427
49, 432
50, 31
50, 13
50, 29
50, 449
50, 440
50, 268
50, 114
50, 493
50, 73
50, 87
50, 107
50, 170
50, 228
50, 307
50, 450
50, 464
51, 374
51, 17
51, 237
51, 273
51, 216
51, 468
51, 128
51, 151, -1
51, 208
51, 209
51, 302
51, 480
51, 493
52, 8
52, 349
52, 282
52, 201
52, 356
52, 469
52, 234
52, 394
52, 174
52, 232
52, 289
52, 498
53, 42
53, 469
53, 219
53, 342
53, 102
53, 97
53, 402
53, 255
53, 54
53, 122
53, 141
53, 187
53, 204
53, 210
53, 236
53, 241
53, 339
54, 469
54, 219
54, 238
54, 76
54, 24
54, 295
54, 89
54, 79
54, 118
54, 122
54, 136
54, 224
54, 240
54, 271
54, 314
54, 370
54, 391
54, 447
55, 156
55, 140
55, 91
55, 375
55, 179
55, 469
55, 146
55, 76
55, 82
55, 128
55, 172
55, 258
55, 280
55, 347
55, 362
56, 39
56, 122
56, 18
56, 167
56, 98
56, 478
56, 227
56, 83
56, 103
56, 216
56, 266
56, 300
56, 320
56, 401
56, 499
57, 4
57, 178
57, 68
57, 208
57, 194
57, 389
57, 475
57, 17
57, 65
57, 94
57, 116
57, 147
57, 220
57, 224
57, 292
57, 343
57, 423
57, 497
57, 499
58, 41
58, 418
58, 469
58, 410
58, 423
58, 123
58, 234
58, 355
58, 375
58, 417
59, 5
59, 216
59, 135
59, 381
59, 156
59, 137
59, 49
59, 196
59, 79
59, 80
59, 88
59, 100
59, 142
59, 183
59, 192
59, 240
59, 348
59, 425
59, 465
59, 479
59, 490
60, 30
60, 63
60, 458
60, 248
60, 150
60, 372
60, 202
60, 216
60, 191
60, 207
60, 304
60, 403
61, 327
61, 94
61, 307
61, 427
61, 434
61, 431
61, 95
61, 185
61, 423
61, 469
62, 25
62, 324
62, 434
62, 211
62, 116
62, 306
62, 79
62, 21
62, 128
62, 232
62, 400
62, 418
62, 460
63, 32
63, 297
63, 469
63, 186
63, 183
63, 80
63, 317
63, 86
63, 93
63, 150
63, 196
63, 363
63, 470
63, 495
64, 40
64, 292
64, 93
64, 415
64, 264
64, 192
64, 339
64, 268
64, 185
64, 284
64, 293
64, 320
64, 326
64, 329
64, 475
65, 1
65, 189
65, 441
65, 213
65, 447
65, 231
65, 397
65, 289
65, 159
65, 218
65, 226
65, 351
65, 382
65, 480
66, 25
66, 152
66, 242
66, 176
66, 277
66, 447
66, 171
66, 177
66, 279
66, 451
67, 11
67, 14
67, 234
67, 312
67, 474
67, 313
67, 174
67, 327
67, 129
67, 230
67, 291
67, 493
68, 47
68, 60
68, 364
68, 451
68, 235
68, 268
68, 182
68, 85
68, 191
68, 82
68, 101
69, 54
69, 109
69, 77
69, 18
69, 95
69, 256
69, 481
69, 195
69, 113
69, 215
69, 217
69, 286
69, 289
69, 306
69, 355
69, 485
70, 6
70, 298
70, 291
70, 10
70, 64
70, 110
70, 233
70, 325
70, 92
70, 281
70, 312
70, 317
70, 320
70, 441
70, 461
70, 476
70, 479
70, 484
70, 489
71, 15
71, 16
71, 283
71, 286
71, 140, -1
71, 412
71, 456
71, 90
71, 117
71, 134
71, 278
71, 314
71, 320
71, 335
71, 345
71, 416
71, 438
71, 472
72, 21
72, 357
72, 358
72, 83
72, 421
72, 262
72, 112
72, 100
72, 229
72, 271
72, 277
72, 348
73, 57
73, 58
73, 59
73, 65
73, 213
73, 221
73, 56
73, 281, -1
73, 81
73, 113
73, 467
73, 158
73, 192
73, 229
73, 276
73, 464
74, 36
74, 39
74, 461
74, 398
74, 227
74, 495
74, 169
74, 165
74, 492
74, 91
74, 115
74, 266
74, 323
74, 325
74, 342
74, 415
75, 157
75, 188
75, 260
75, 111
75, 72
75, 397
75, 103
75, 440
76, 353
76, 398
76, 405
76, 230
76, 273
76, 309
76, 421
76, 340
76, 407
76, 494
77, 385
77, 131
77, 188
77, 365
77, 261
77, 120
77, 387
77, 145
77, 189
77, 190
77, 214
77, 415
77, 419
77, 497
78, 420
78, 109
78, 498
78, 474
78, 188
78, 128
78, 238
78, 95
78, 260
78, 328
78, 393
78, 438
78, 455
78, 459
79, 55
79, 60
79, 67
79, 96
79, 251
79, 52
79, 429
79, 256
79, 27
79, 86
79, 265
79, 297
80, 30
80, 54
80, 81
80, 201
80, 461
80, 399
80, 488
80, 307
80, 61
80, 179
80, 255
80, 419
80, 434
81, 76
81, 213
81, 293
81, 288
81, 435
81, 0
81, 326
81, 126
81, 133
81, 145
81, 336
81, 484
82, 238
82, 269
82, 362
82, 426
82, 419
82, 8
82, 340
82, 298
82, 377
83, 421
83, 57
83, 371
83, 165
83, 351
83, 343
83, 51
83, 205
83, 292
83, 295
83, 369
83, 449
83, 485
84, 31
84, 64
84, 292
84, 345
84, 137
84, 45
84, 477
84, 86
84, 202
84, 451
85, 220
85, 379
85, 427
85, 145
85, 75
85, 262
85, 348
85, 140
85, 152
85, 282
85, 301
85, 302
85, 373
85, 498
86, 18
86, 206
86, 72
86, 56
86, 299
86, 249
86, 4
86, 494
86, 138
86, 191
86, 218
86, 296
86, 371
87, 19
87, 43
87, 453
87, 342
87, 404
87, 71
87, 315
87, 163
87, 206
87, 223
87, 354
87, 377
87, 492
87, 497
88, 26
88, 422
88, 432
88, 279
88, 357
88, 300
88, 379
88, 19
88, 123
88, 124
88, 131
88, 135
88, 230
88, 232
88, 245
88, 447
89, 74
89, 418
89, 203
89, 76
89, 144
89, 422
89, 417
89, 270
89, 195
89, 277
89, 287
89, 388
89, 465
90, 355
90, 102
90, 317
90, 313
90, 151
90, 66
90, 215
90, 298
90, 410
91, 29
91, 78
91, 322
91, 330
91, 150
91, 40
91, 405
91, 27
91, 453
91, 294
91, 346
91, 371
91, 402
91, 454
91, 460
92, 29
92, 313
92, 309
92, 83
92, 425
92, 229
92, 291
92, 169
92, 141
92, 280
92, 361
92, 389
92, 414
93, 10
93, 152
93, 369
93, 50
93, 215
93, 113
93, 150
93, 42
93, 111
93, 138
93, 202
93, 247
93, 261
94, 10
94, 44
94, 45
94, 338
94, 63
94, 258
94, 95
94, 393
94, 42
94, 484
94, 129
94, 144
94, 188
94, 272
94, 333
94, 350
94, 406
95, 495
95, 146
95, 404
95, 475
95, 130
95, 283
95, 160
95, 144
95, 211
95, 257
95, 278
95, 337
95, 341
95, 444
96, 52
96, 80
96, 264
96, 36
96, 293
96, 189
96, 35
96, 33
96, 204
96, 108
96, 296
96, 495
97, 51
97, 73
97, 91
97, 369
97, 105
97, 81
97, 94
97, 371
97, 252
97, 446
97, 198
97, 234
97, 242
97, 393
97, 399
97, 424
98, 32
98, 363
98, 79
98, 353
98, 476
98, 405
98, 82
98, 362
98, 146
98, 205
98, 354
98, 383
98, 454
98, 485
99, 37
99, 493
99, 93
99, 372
99, 325
99, 65
99, 15
99, 145
99, 149
99, 203
99, 235
99, 265
99, 266
99, 268
99, 303
99, 304
99, 333
100, 91
100, 77
100, 335
100, 416
100, 291
100, 216
100, 486
100, 72
100, 223
100, 288
100, 442
100, 444
100, 451
101, 157
101, 172
101, 475
101, 83
101, 364
101, 35
101, 286
101, 344
101, 404
102, 452
102, 498
102, 456
102, 170
102, 323
102, 232
102, 175
102, 229
102, 393
102, 403
102, 416
103, 90
103, 403
103, 355
103, 317
103, 354
103, 271
103, 350
103, 192
103, 126
103, 187
103, 341
103, 360
104, 33
104, 303
104, 39
104, 115
104, 268
104, 425
104, 159
104, 75
104, 116
104, 235
104, 239
104, 256
104, 384
104, 399
105, 22
105, 314
105, 223
105, 447
105, 191
105, 336
105, 72
105, 143
105, 192
105, 210
105, 226
105, 330
105, 405
105, 468
106, 27
106, 97
106, 139
106, 95
106, 149
106, 391
106, 72
106, 151
106, 354
106, 188
107, 226
107, 288
107, 234
107, 111
107, 2
107, 38
107, 25
107, 160
107, 218
107, 239
107, 245
107, 484
108, 61
108, 492
108, 75
108, 193
108, 243
108, 21
108, 446
108, 357
108, 133
108, 158
108, 324
109, 341
109, 216
109, 404
109, 457
109, 163
109, 338
109, 20
109, 167
109, 310
109, 421
109, 449
110, 330
110, 69
110, 348
110, 13
110, 236
110, 7
110, 97
110, 153
110, 174
110, 208
110, 238
110, 293
110, 313
110, 327
110, 351
110, 360
110, 370
110, 409
111, 18
111, 42
111, 362
111, 84
111, 426
111, 320
111, 445
111, 38
111, 255
111, 128
111, 263
111, 274
111, 313
112, 9
112, 39
112, 52
112, 85
112, 307
112, 453
112, 247
112, 343
112, 250
112, 470
112, 144
112, 231
112, 238
112, 454
113, 81
113, 263
113, 311
113, 363
113, 355
113, 353
113, 51
113, 193
113, 127
113, 174
113, 324
113, 339
113, 437
114, 39
114, 88
114, 108
114, 109
114, 101
114, 381
114, 290
114, 19
114, 387
114, 446
114, 488
114, 117
114, 245
114, 351
114, 421
114, 459
115, 75
115, 103
115, 72
115, 128
115, 498
115, 238
115, 369
115, 168
115, 393
115, 224
115, 295
115, 314
115, 333
115, 450
115, 480
116, 7
116, 29
116, 251
116, 151
116, 353
116, 465
116, 61
116, 382
116, 240
116, 156
116, 225
116, 369
116, 373
116, 390
116, 444
116, 494
117, 106
117, 7
117, 427
117, 412
117, 376
117, 195
117, 494
117, 219
117, 150
117, 198
117, 265
117, 270
117, 283
117, 332
117, 360
117, 472
118, 4
118, 41
118, 113
118, 338
118, 127
118, 73
118, 193
118, 68
118, 119
118, 116
118, 130
118, 205
118, 251
118, 278
118, 287
118, 439
119, 470
119, 63
119, 2
119, 490
119, 268
119, 111
119, 157
119, 212
119, 231
119, 310
119, 377
119, 468
119, 477
120, 10
120, 36
120, 40
120, 112
120, 45
120, 171
120, 358
120, 118
120, 69
120, 202
120, 179
120, 252
120, 270
120, 271
120, 301
121, 9
121, 62
121, 330
121, 445
121, 259
121, 438
121, 273
121, 350
121, 335
121, 158
121, 246
121, 391
121, 409
122, 131
122, 412
122, 160
122, 448
122, 78
122, 184
122, 196
122, 208
122, 335
122, 371
122, 496
123, 73
123, 112
123, 310
123, 324
123, 464
123, 356
123, 379
123, 468
123, 81
123, 132
123, 164
123, 202
123, 215
123, 348
123, 369
123, 497
124, 37
124, 119
124, 489
124, 458
124, 231
124, 247
124, 459
124, 454
124, 414
124, 432
124, 446
125, 55
125, 60
125, 28
125, 284
125, 48
125, 354
125, 325
125, 376
125, 118
125, 157
125, 238
125, 372
125, 495
126, 31
126, 71
126, 74
126, 28
126, 64
126, 181
126, 389
126, 357
126, 463
126, 239
126, 247
126, 350
126, 375
127, 28
127, 99
127, 107
127, 110
127, 416
127, 25
127, 445
127, 233
127, 498
127, 49
127, 325
127, 254
127, 353
127, 423
128, 94
128, 57
128, 117
128, 330
128, 114
128, 249
128, 56
128, 25
129, 128
129, 228
129, 65
129, 468
129, 12
129, 434
129, 358
129, 225
129, 234
129, 352
129, 483
129, 492
130, 60
130, 101
130, 112
130, 164
130, 433
130, 27
130, 458
130, 21
130, 309
130, 356
130, 212
130, 267
130, 274
130, 305
130, 321
130, 342
130, 407
130, 411
131, 5
131, 22
131, 47
131, 85
131, 48
131, 271
131, 41
131, 482
131, 155
131, 414
131, 137
131, 140
131, 246
131, 307
131, 399
132, 82
132, 320
132, 343
132, 188
132, 299
132, 34
132, 399
132, 289
132, 203
132, 264
132, 305
132, 315
132, 340
132, 472
133, 284
133, 298
133, 157
133, 33
133, 218
133, 155
133, 56
133, 172
133, 261
133, 319
133, 330
133, 380
133, 390
134, 101
134, 414
134, 440
134, 155
134, 71
134, 0
134, 259
134, 84
134, 297
134, 417
135, 20
135, 61
135, 64
135, 162
135, 281
135, 102
135, 222
135, 317
135, 347
135, 451
135, 138
135, 201
135, 229
135, 293
136, 34
136, 106
136, 371
136, 451
136, 18
136, 187
136, 235
136, 119
136, 139
136, 249
136, 304
136, 389
136, 462
136, 474
137, 12
137, 88
137, 455
137, 295
137, 433
137, 376
137, 316
137, 481
137, 499
137, 158
137, 188
137, 270
137, 315
138, 17
138, 37
138, 46
138, 55
138, 77
138, 231
138, 355
138, 12
138, 489
138, 209
138, 179
138, 276
138, 157
138, 385
139, 16
139, 62
139, 418
139, 157
139, 186
139, 419
139, 336
139, 261
139, 466
139, 172
139, 247
139, 271
139, 355
139, 389
139, 474
140, 75
140, 99
140, 0
140, 53
140, 91
140, 2
140, 276
140, 434
140, 270
140, 156
140, 159
140, 281
140, 283
140, 457
140, 461
141, 80
141, 184
141, 379
141, 240
141, 172
141, 382
141, 87
141, 232
141, 142
141, 163
141, 278
141, 457
141, 462
142, 87
142, 120
142, 131
142, 28
142, 91
142, 243
142, 309
142, 297
142, 20
142, 268
142, 146
142, 210
142, 289
142, 365
142, 471
143, 102
143, 366
143, 337
143, 103
143, 230
143, 441
143, 451
143, 350
143, 165
143, 480
144, 24
144, 63
144, 430
144, 350
144, 262
144, 86
144, 276
144, 115
144, 201
144, 237
144, 436
144, 473
144, 479
145, 59
145, 60
145, 79
145, 84
145, 449
145, 22
145, 489
145, 360
145, 316
145, 219
145, 413
145, 177
145, 190
145, 379
145, 471
146, 35
146, 80
146, 92
146, 129
146, 154
146, 237
146, 263
146, 61
146, 383
146, 205
146, 123
146, 246
146, 288
146, 327
146, 401
146, 483
147, 10
147, 97
147, 66
147, 228
147, 199
147, 367
147, 259
147, 61
147, 159
147, 319
147, 381
147, 402
147, 420
147, 440
148, 55
148, 70
148, 89
148, 2
148, 31
148, 318
148, 94
148, 281
148, 200
148, 1
148, 186
148, 368
148, 404
148, 442
149, 9
149, 371
149, 449
149, 76
149, 84
149, 283
149, 328
149, 117
149, 352
150, 56
150, 301
150, 44
150, 460
150, 266
150, 374
150, 135
150, 398
150, 188
150, 203
150, 207
150, 224
150, 252
150, 434
151, 4
151, 66
151, 339
151, 356
151, 193
151, 20
151, 474
151, 225
151, 397
151, 201
151, 301
151, 312
151, 347
151, 494
151, 499
152, 10
152, 51
152, 259
152, 421
152, 103
152, 119
152, 14
152, 405
152, 208
152, 375
152, 387
152, 472
152, 491
153, 38
153, 112
153, 283
153, 465
153, 242
153, 204
153, 421
153, 194
153, 422
153, 280
153, 292
153, 308
153, 406
154, 73
154, 31
154, 193
154, 448
154, 482
154, 109
154, 469
154, 165
154, 160
154, 203
154, 273
154, 285
155, 10
155, 131
155, 99
155, 85
155, 73
155, 94
155, 309
155, 455
155, 181
155, 201
155, 259
155, 293
155, 357
156, 227
156, 219
156, 259
156, 247
156, 374
156, 352
156, 454
156, 200
156, 283
156, 286
156, 429
156, 441
156, 445
156, 466
156, 470
157, 138
157, 23
157, 445
157, 373
157, 407
157, 480
157, 272
157, 44
157, 203
157, 261
157, 282
157, 369
157, 430
157, 438
157, 476
158, 31
158, 104
158, 351
158, 391
158, 470
158, 128
158, 91
158, 497
158, 182
158, 252
158, 257
158, 277
158, 336
158, 388
158, 397
158, 483
158, 487
159, 74
159, 86
159, 108
159, 70
159, 497
159, 93
159, 109
159, 137
159, 261
159, 471
159, 185
159, 190
159, 404
159, 427
160, 91
160, 114
160, 151
160, 157
160, 375
160, 30
160, 391
160, 406
160, 273
160, 482
160, 222
160, 244
160, 316
160, 333
161, 95
161, 113
161, 154
161, 216
161, 318
161, 456
161, 201
161, 447
161, 282
161, 251
161, 162
161, 226, -1
161, 242
161, 253
161, 299
161, 361
161, 413
161, 433
162, 35
162, 120
162, 332
162, 432
162, 358
162, 427
162, 89
162, 308
162, 179
162, 257
162, 279
162, 304
162, 359
162, 416
162, 422
163, 56
163, 77
163, 362
163, 201
163, 346
163, 355
163, 244
163, 120
163, 30
163, 204
163, 269
164, 62
164, 64
164, 86
164, 160
164, 161
164, 344
164, 289
164, 132
164, 267
164, 85
164, 482
164, 104
164, 174
164, 214
164, 287
164, 345
164, 365
164, 436
164, 467
165, 432
165, 288
165, 439
165, 290
165, 441
165, 408
165, 181
165, 321
165, 437
165, 443
165, 483
165, 497
166, 15
166, 112
166, 147
166, 132
166, 486
166, 23
166, 286
166, 476
166, 55
166, 208
166, 167
166, 184
166, 280
166, 322
166, 455
167, 15
167, 96
167, 334
167, 413
167, 442
167, 113
167, 131
167, 149
167, 307
167, 408
167, 469
168, 256
168, 328
168, 330
168, 437
168, 67
168, 53
168, 186
168, 180
168, 219
168, 242
168, 359
168, 374
169, 23
169, 87
169, 109
169, 152
169, 499
169, 18
169, 409
169, 379
169, 246
169, 211
169, 128
169, 247
170, 111
170, 42
170, 429
170, 449
170, 383
170, 339
170, 72
170, 410
170, 199
170, 448
171, 80
171, 119
171, 89
171, 309
171, 238
171, 227
171, 492
171, 440
171, 117
171, 177
171, 207
171, 259
171, 317
171, 360
171, 437
171, 473
172, 4
172, 8
172, 17
172, 119
172, 123
172, 20
172, 64
172, 197
172, 93
172, 317
172, 255
172, 222
172, 308
172, 353
172, 382
172, 396
172, 464
173, 71
173, 167
173, 323
173, 52
173, 165
173, 350
173, 327
173, 336
173, 96
173, 181
173, 276
173, 421
174, 71
174, 142
174, 163
174, 173
174, 4
174, 367
174, 125
174, 490
174, 70
174, 496
174, 213
174, 216
174, 381
175, 3
175, 211
175, 418
175, 487
175, 284
175, 412
175, 244
175, 415
175, 318
175, 326
175, 425
175, 428
175, 448
175, 465
175, 469
176, 11
176, 89
176, 163
176, 432
176, 53
176, 471
176, 345
176, 108
176, 214
176, 473
176, 181
176, 272
176, 274
176, 298
176, 325
176, 441
177, 139
177, 175
177, 47
177, 99
177, 94
177, 227
177, 453
177, 230
177, 231
177, 331
177, 341
177, 353
177, 413
177, 452
177, 477
178, 110
178, 128
178, 174
178, 22
178, 424
178, 358
178, 479
178, 488
178, 322
178, 463
178, 227
178, 253
178, 377
178, 401
178, 429
178, 437
179, 141
179, 153
179, 175
179, 255
179, 312
179, 142
179, 287
179, 296
179, 434
179, 402
179, 280
180, 28
180, 40
180, 154
180, 177
180, 332
180, 208
180, 151
180, 75
180, 167
180, 169
180, 64
180, 237
180, 362
180, 367
180, 440
180, 464
181, 8
181, 74
181, 412
181, 43
181, 427
181, 227
181, 321
181, 308
181, 419
181, 219
181, 363
182, 2
182, 110
182, 478
182, 146
182, 46
182, 415
182, 356
182, 340
182, 228
182, 473
183, 93
183, 288
183, 460
183, 445
183, 207
183, 97, -1
183, 105
183, 375
183, 235
183, 272
183, 339
183, 424
183, 440
183, 494
184, 129
184, 421
184, 410
184, 295
184, 367
184, 257
184, 80
184, 477
184, 199
184, 221
184, 251
184, 453
184, 475
185, 9
185, 83
185, 111
185, 121
185, 148
185, 159
185, 41
185, 403
185, 182
185, 346
185, 396
185, 424
185, 324
185, 343
185, 347
186, 22
186, 24
186, 30
186, 111
186, 121
186, 182
186, 128
186, 491
186, 96
186, 259
186, 77
186, 357
186, 263
186, 315
186, 405
187, 149
187, 174
187, 451
187, 66
187, 22
187, 357
187, 328
187, 81
187, 356
187, 253
187, 308
187, 375
188, 69
188, 86
188, 88
188, 211
188, 429
188, 383
188, 319
188, 453
188, 441
188, 332
189, 19
189, 73
189, 133
189, 183
189, 407
189, 376
189, 423
189, 334
189, 312
189, 316
189, 393
189, 212
189, 276
189, 303
189, 321
189, 335
189, 383
189, 447
190, 49
190, 77
190, 104
190, 212
190, 438
190, 211
190, 450
190, 44
190, 92
190, 405
190, 199
190, 259
190, 358
190, 417
191, 172
191, 115
191, 282
191, 225
191, 97
191, 423
191, 6
191, 210
191, 245
191, 281
191, 294
191, 311
192, 257
192, 431
192, 447
192, 364
192, 81
192, 402
192, 78
192, 243
192, 287
192, 329
192, 340
192, 394
192, 467
193, 111
193, 112
193, 136
193, 137
193, 149
193, 348
193, 459
193, 357
193, 327
193, 386
193, 354
193, 213
193, 285
193, 414
193, 416
193, 434
194, 20
194, 438
194, 29
194, 254
194, 397
194, 115
194, 492
194, 219
194, 333
194, 348
194, 379
194, 413
195, 36
195, 59
195, 149
195, 71
195, 146
195, 345
195, 254
195, 171
195, 219
195, 390
195, 305
195, 318
195, 329
195, 353
195, 430
196, 53
196, 74
196, 183
196, 269
196, 248
196, 374
196, 266
196, 6
196, 449
196, 256
196, 312
196, 330
196, 356
196, 363
196, 448
197, 36
197, 44
197, 63
197, 133
197, 145
197, 327
197, 277
197, 100
197, 438
197, 248
197, 185
197, 423
197, 300
197, 375
197, 400
197, 492
198, 16
198, 74
198, 172
198, 79
198, 38
198, 234
198, 470
198, 98
198, 307
198, 150
198, 387
199, 116
199, 171
199, 194
199, 488
199, 353
199, 469
199, 371
199, 438
199, 424
199, 366
199, 235
199, 273
199, 389
199, 462
199, 494
200, 16
200, 102
200, 190
200, 247
200, 15
200, 169
200, 249
200, 273
200, 108
200, 314
200, 266
200, 349
200, 466
201, 66
201, 99
201, 129
201, 112
201, 4
201, 156
201, 152
201, 394
201, 356
201, 192
201, 209
201, 294
201, 380
201, 383
201, 398
201, 429
202, 108
202, 167
202, 495
202, 210
202, 198
202, 122
202, 352
202, 61
202, 434
202, 211
202, 221
202, 251
202, 375
203, 1
203, 17
203, 189
203, 457
203, 474
203, 447
203, 3
203, 99
203, 470
203, 493
203, 376
203, 385
203, 399
203, 421
204, 58
204, 190
204, 212
204, 108
204, 429
204, 195
204, 173
204, 286
204, 117
204, 253
204, 307
204, 354
204, 381
205, 182
205, 375
205, 150
205, 448
205, 432
205, 381
205, 242
205, 467
205, 267
205, 319
205, 376
205, 411
205, 470
206, 56
206, 62
206, 33
206, 292
206, 383, -1
206, 427
206, 484
206, 209
206, 14
206, 281
206, 370
207, 77
207, 109
207, 122
207, 177
207, 17
207, 108
207, 319
207, 179
207, 241
207, 409
207, 86
207, 369
207, 457
208, 41
208, 155
208, 336
208, 423
208, 164
208, 169
208, 320
208, 454
208, 37
208, 302
208, 404
208, 428
208, 430
208, 439
208, 478
208, 483
209, 85
209, 110
209, 126
209, 153
209, 499
209, 143
209, 101
209, 335
209, 123
209, 223
209, 240
209, 293
209, 352
209, 485
210, 8
210, 12
210, 18
210, 27
210, 81
210, 164
210, 337
210, 368
210, 69
210, 163
210, 5
210, 494
210, 249
210, 228
210, 319
210, 336
210, 349
210, 364
210, 380
210, 435
210, 472
211, 78
211, 100
211, 173
211, 194
211, 351
211, 42
211, 230
211, 270
211, 150
211, 492
211, 256
211, 449
212, 145
212, 340
212, 22
212, 469
212, 133
212, 424
212, 409
212, 222
212, 367
212, 393
212, 493
213, 29
213, 120
213, 131
213, 134
213, 151
213, 390
213, 398
213, 481
213, 152
213, 332
213, 404
213, 322
213, 239
213, 381
213, 395
213, 411
213, 429
214, 53
214, 80
214, 178
214, 186
214, 191
214, 289
214, 337
214, 308
214, 19
214, 486
214, 213
214, 58
214, 217
214, 255
214, 301
214, 338, -1
214, 355
214, 495
215, 39
215, 190
215, 88
215, 311
215, 227
215, 286
215, 117
215, 139
215, 22
215, 238
215, 243
215, 244
215, 263
215, 423
215, 441
216, 53
216, 118
216, 184
216, 202
216, 346
216, 164
216, 85
216, 437
216, 402
216, 258
216, 355
216, 315
216, 362
216, 365
216, 401
216, 447
216, 457
216, 470
216, 473
217, 188
217, 200
217, 452
217, 312
217, 23
217, 150
217, 407
217, 116
217, 422
217, 303
217, 305
217, 318
217, 345
217, 347
218, 34
218, 73
218, 166
218, 45
218, 357
218, 268
218, 17
218, 221
218, 450
218, 227
218, 249
218, 362
218, 365
218, 373
218, 408
219, 158
219, 163
219, 176
219, 90
219, 159
219, 54
219, 375
219, 406
219, 202
219, 340
219, 237
219, 263
219, 339
219, 473
220, 48
220, 53
220, 85
220, 130
220, 132
220, 173
220, 382
220, 262
220, 351
220, 28
220, 443
220, 395
220, 495
220, 261
220, 310
220, 326
220, 357
220, 419
220, 428
220, 456
221, 18
221, 69
221, 124
221, 169
221, 42
221, 258
221, 139
221, 17
221, 153
221, 275
221, 367
221, 252
221, 420
221, 445
221, 461
221, 479
222, 67
222, 96
222, 391
222, 122
222, 269
222, 353
222, 25
222, 433
222, 212
222, 231
222, 368
222, 458
223, 11
223, 198
223, 343
223, 388
223, 243
223, 281
223, 208
223, 241
223, 365
223, 438
224, 69
224, 207
224, 310
224, 130
224, 395
224, 412
224, 347
224, 90
224, 467
224, 270
225, 107
225, 433
225, 188
225, 281
225, 263
225, 239
225, 208
225, 194
225, 332
225, 487
226, 85
226, 124
226, 130
226, 206
226, 388
226, 163
226, 279
226, 395
226, 74
226, 110
226, 265
226, 329
226, 462
227, 29
227, 193
227, 365
227, 70
227, 444
227, 186
227, 271
227, 117
227, 56
227, 250
227, 391
228, 72
228, 86
228, 469
228, 377
228, 120
228, 244
228, 110
228, 254
228, 247
228, 267
228, 359
228, 380
228, 455
229, 179
229, 86
229, 46
229, 63
229, 359
229, 280
229, 116
229, 378
229, 281
229, 285
229, 384
230, 77
230, 99
230, 131
230, 13
230, 187
230, 451
230, 336
230, 373
230, 327
230, 331
230, 345
231, 54
231, 113
231, 149
231, 349
231, 264
231, 473
231, 350
231, 25
231, 28
231, 325
231, 239
231, 374
231, 390
231, 393
231, 485
232, 21
232, 178
232, 195
232, 218
232, 390
232, 230
232, 247
232, 10
232, 411
232, 492
232, 2
232, 233
232, 384
232, 392
232, 397
233, 72
233, 138
233, 145
233, 43
233, 38
233, 476
233, 49
233, 37
233, 118
233, 13
233, 316
233, 323
233, 345
234, 168
234, 228
234, 307
234, 438
234, 174
234, 235
234, 383
234, 338
234, 411
234, 272
234, 273
234, 312
234, 393
235, 3
235, 55
235, 110
235, 129, -1
235, 200
235, 99
235, 318
235, 66
235, 338
235, 430
235, 495
235, 181
235, 355
235, 366
235, 422
236, 68
236, 101
236, 146, -1
236, 427
236, 213
236, 245
236, 456
236, 131
236, 163
236, 476
236, 306
236, 376
236, 460
236, 488
237, 23
237, 189
237, 197
237, 134
237, 300
237, 1
237, 54
237, 131
237, 227
237, 371
237, 282
237, 466
238, 5
238, 51
238, 131
238, 186
238, 182
238, 457
238, 443
238, 183
238, 173
238, 19
238, 419
238, 262
238, 444
238, 475
238, 487
239, 32
239, 71
239, 85
239, 115
239, 152
239, 185
239, 215
239, 78
239, 76
239, 197
239, 308
239, 20
239, 147
239, 171
239, 248
239, 253
239, 360
239, 367
239, 447
239, 452
239, 482
240, 68
240, 86
240, 97
240, 135
240, 170
240, 180
240, 204
240, 219
240, 79
240, 382
240, 436
240, 137
240, 367
240, 330
240, 456
240, 318
241, 119
241, 189
241, 195
241, 215
241, 216
241, 178
241, 166
241, 19
241, 431
241, 82
241, 37
241, 344
241, 256
241, 411
241, 478
242, 49
242, 122
242, 123
242, 159
242, 194
242, 320
242, 408
242, 170
242, 404
242, 473
242, 376
242, 300
242, 338
243, 63
243, 225
243, 237
243, 171
243, 84
243, 430
243, 191
243, 78
243, 205
243, 77
243, 313
244, 82
244, 95
244, 105
244, 191
244, 214
244, 150
244, 237
244, 27
244, 452
244, 443
244, 371
244, 117
244, 306
244, 334
244, 426
244, 478
245, 7
245, 52
245, 221
245, 237
245, 143
245, 299
245, 120
245, 20
245, 296
245, 168
245, 248
246, 2
246, 25
246, 95
246, 148
246, 157
246, 195
246, 201
246, 205
246, 214
246, 234
246, 244
246, 207
246, 456
246, 250
246, 336
246, 120
246, 431
246, 199
246, 300
246, 495
247, 8
247, 198
247, 209
247, 158
247, 451
247, 81
247, 241
247, 98
247, 498
247, 88
247, 497
248, 64
248, 76
248, 122
248, 166
248, 44
248, 220
248, 62
248, 190
248, 133
248, 466
248, 270
248, 408
248, 415
248, 492
248, 498
249, 84
249, 92
249, 119
249, 210
249, 312
249, 201
249, 260
249, 207
249, 452
249, 476
249, 363
249, 281
249, 346
249, 374
249, 454
249, 469
250, 48
250, 75
250, 234
250, 114
250, 16
250, 377
250, 404
250, 9
250, 413
250, 83
250, 337
250, 436
251, 48
251, 127
251, 137
251, 214
251, 216
251, 85
251, 281
251, 444
251, 207
251, 303
251, 175
251, 131
251, 265
251, 398
251, 491
252, 169
252, 248
252, 446
252, 293
252, 499
252, 352
252, 458
252, 441
252, 44
252, 373
252, 386
252, 442
253, 101
253, 187
253, 202
253, 236
253, 251
253, 152
253, 299
253, 377
253, 56
253, 360
253, 65
253, 256
253, 389
253, 446
253, 471
254, 51
254, 85
254, 147
254, 155
254, 159
254, 220
254, 117
254, 58
254, 346
254, 443
254, 292
254, 98
254, 258
254, 284
254, 334
254, 337
255, 49
255, 90
255, 230
255, 300
255, 371
255, 0
255, 166
255, 424
255, 196
255, 342
255, 307
255, 343
256, 21
256, 23
256, 119
256, 173
256, 207
256, 30
256, 125
256, 201
256, 362
256, 229
256, 222
256, 241
256, 266
256, 282
256, 292
256, 294
256, 419
257, 40
257, 110
257, 119
257, 201
257, 480
257, 266
257, 243
257, 437
257, 68
257, 232
257, 81
257, 323
257, 413
257, 429
257, 460
257, 481
258, 72
258, 92
258, 337
258, 138
258, 328
258, 102
258, 61
258, 246
258, 274
258, 385
258, 428
258, 489
259, 124
259, 183
259, 371
259, 424
259, 441
259, 201
259, 328
259, 114
259, 55
259, 260
259, 306
259, 354
259, 372
260, 85
260, 102
260, 105
260, 140
260, 171
260, 241
260, 65
260, 169
260, 464
260, 362
260, 56
260, 300
260, 219
260, 334
260, 384
261, 75
261, 90
261, 195
261, 54
261, 409
261, 123
261, 212
261, 302
261, 198
261, 331
261, 364
261, 378
261, 402
261, 448
262, 0
262, 5
262, 20
262, 182
262, 233
262, 240
262, 242
262, 404
262, 315
262, 258
262, 266
262, 301
262, 103
262, 306
262, 417
262, 430
263, 22
263, 173
263, 482
263, 498
263, 444
263, 123
263, 72
263, 465
263, 239
263, 407
263, 411
264, 58
264, 116
264, 123
264, 133
264, 154
264, 160
264, 243
264, 119
264, 409
264, 164
264, 460
264, 304
264, 111
264, 316
264, 344
264, 400
264, 401
264, 453
265, 12
265, 19
265, 178
265, 237
265, 337
265, 171
265, 445
265, 91
265, 209
265, 34
265, 402
265, 474
266, 58
266, 67
266, 222
266, 249
266, 410
266, 317
266, 265
266, 65
266, 496
266, 30
266, 352
266, 367
266, 394
267, 122
267, 125
267, 179
267, 204
267, 478
267, 162
267, 358
267, 226
267, 73
267, 420
267, 167
267, 419
267, 447
267, 451
268, 18
268, 162
268, 209
268, 334
268, 384
268, 208
268, 309
268, 419
268, 274
268, 439
268, 427
268, 449
268, 459
269, 61
269, 73
269, 81
269, 134
269, 232
269, 385
269, 367
269, 94
269, 201
269, 69
269, 345
269, 70
269, 284
269, 316
269, 340
269, 403
270, 6
270, 17
270, 40
270, 353
270, 5
270, 253
270, 314
270, 335
270, 294
270, 53
270, 345
271, 30
271, 109
271, 139
271, 153
271, 172
271, 21
271, 431
271, 310
271, 423
271, 409
271, 20
271, 429
271, 462
272, 0
272, 5
272, 15
272, 148
272, 169
272, 226
272, 236
272, 248
272, 278
272, 482
272, 196
272, 379
272, 260
272, 147
272, 354
272, 433
272, 445
273, 131
273, 196
273, 211
273, 217
273, 253
273, 29
273, 492
273, 43
273, 429
273, 271
273, 229
273, 258
273, 282
273, 343
273, 387
274, 23
274, 133
274, 194
274, 223
274, 268
274, 426
274, 214
274, 453
274, 408
274, 322
274, 364
274, 332
274, 343
274, 347
274, 420
275, 41
275, 103
275, 200
275, 254
275, 80
275, 115
275, 124
275, 93
275, 236, -1
275, 229
275, 318
275, 295
275, 304
275, 317
275, 449
276, 15
276, 89
276, 94
276, 110
276, 150
276, 201
276, 255
276, 317
276, 358
276, 422
276, 341
276, 475
276, 410
276, 432
276, 286
276, 361
276, 363
277, 3
277, 7
277, 47
277, 81
277, 102
277, 169
277, 220
277, 222
277, 243
277, 327
277, 390
277, 127
277, 316
277, 176
277, 259
277, 99
277, 438
277, 473
278, 98
278, 180
278, 181
278, 235
278, 1
278, 263
278, 254
278, 396
278, 58
278, 490
278, 222
278, 282
278, 300
278, 386
278, 426
278, 480
278, 488
278, 489
279, 26
279, 72
279, 93
279, 13
279, 372
279, 241
279, 306
279, 101
279, 353
279, 418, -1
279, 351
279, 404
279, 457
279, 486
280, 143
280, 182
280, 193
280, 316
280, 19
280, 339
280, 272
280, 401
280, 271
280, 92
280, 384
280, 430
280, 458
280, 488
281, 26
281, 41
281, 48
281, 52
281, 64
281, 147
281, 196
281, 252
281, 366
281, 378
281, 408
281, 361, -1
281, 458
281, 343
281, 98
281, 401
282, 38
282, 136
282, 227
282, 200
282, 452
282, 214
282, 429
282, 313
282, 62
282, 84
282, 352
282, 362
282, 390
283, 13
283, 50
283, 120
283, 151
283, 163
283, 244
283, 481
283, 47
283, 493
283, 248
283, 352
283, 476
283, 172
283, 299
284, 213
284, 245
284, 113
284, 319
284, 15
284, 321
284, 244
284, 490
284, 332
284, 379
284, 422
284, 446
285, 23
285, 121
285, 216
285, 265
285, 93
285, 223
285, 39
285, 476
285, 337
285, 150
285, 489
285, 296
285, 456
286, 49
286, 103
286, 199
286, 252
286, 29
286, 69
286, 279
286, 295
286, 341
286, 28
286, 271
286, 311
286, 344
286, 364
286, 420
287, 6
287, 50
287, 184
287, 191
287, 238
287, 250
287, 38
287, 10
287, 162
287, 358
287, 165
287, 413
287, 314
287, 313
287, 331
287, 403
287, 488
287, 491
288, 19
288, 70
288, 179
288, 188
288, 201
288, 246
288, 260
288, 273
288, 184
288, 370
288, 351
288, 286
288, 5
288, 46
288, 417
288, 295
288, 298
289, 32
289, 37
289, 71
289, 165
289, 254
289, 229
289, 133
289, 491
289, 498
289, 309
289, 375
289, 7
289, 334
289, 369
289, 474
289, 492
290, 204
290, 231
290, 260
290, 27
290, 326
290, 251
290, 362
290, 109
290, 395
290, 433
290, 442
290, 450
291, 88
291, 165
291, 232
291, 317
291, 5
291, 376
291, 378
291, 171
291, 357
291, 454
291, 312
291, 316
291, 336
291, 422
292, 20
292, 45
292, 122
292, 167
292, 215
292, 241
292, 261
292, 198
292, 177
292, 371
292, 25
292, 78
292, 338
292, 387
292, 301
292, 364
292, 382
292, 385
293, 26
293, 32
293, 50
293, 66
293, 242
293, 470
293, 278
293, 298
293, 477
293, 355
293, 235
293, 319
293, 357
293, 439
294, 83
294, 97
294, 150
294, 251
294, 279
294, 466
294, 141
294, 168
294, 79
294, 137
294, 237
294, 217
294, 309
294, 311
294, 346
294, 400
294, 424
294, 444
295, 341
295, 391
295, 278
295, 326
295, 247
295, 83
295, 297
295, 359
295, 387
295, 426
295, 475
296, 2
296, 13
296, 205
296, 243
296, 490
296, 396
296, 334
296, 107
296, 235
296, 493
297, 135
297, 206
297, 258
297, 271
297, 195
297, 186
297, 308
297, 111
297, 20
297, 353
297, 329
297, 388
297, 397
298, 175
298, 28
298, 206
298, 113
298, 61
298, 40
298, 228
298, 335
298, 466
298, 491
298, 495
299, 16
299, 432
299, 194
299, 316
299, 213
299, 166
299, 131
299, 195
299, 416
299, 478
300, 126
300, 170
300, 193
300, 211
300, 264
300, 6
300, 242
300, 190
300, 188
300, 41
300, 337
300, 315
300, 350
300, 429
301, 182
301, 12
301, 74
301, 452
301, 218
301, 181
301, 128
301, 63
301, 305
301, 404
301, 461
302, 186
302, 271
302, 389
302, 221
302, 165
302, 242
302, 482
302, 395
302, 261
302, 356
302, 365
302, 407
302, 415
302, 434
303, 71
303, 125
303, 158
303, 189
303, 142
303, 44
303, 481
303, 121
303, 372
303, 252
303, 236
303, 395
303, 459
303, 486
303, 493
304, 156
304, 258
304, 42
304, 464
304, 479
304, 120
304, 119
304, 472
304, 487
304, 318
304, 325
304, 339
304, 364
304, 456
304, 476
305, 70
305, 193
305, 302
305, 326
305, 125
305, 424
305, 194
305, 182
305, 123
305, 486
306, 27
306, 41
306, 120
306, 127
306, 150
306, 194
306, 231
306, 279
306, 30
306, 37
306, 55
306, 151
306, 384
306, 131
306, 401
306, 387
306, 394
306, 433
306, 452
306, 489
307, 39
307, 50
307, 66, -1
307, 154
307, 161
307, 199
307, 218
307, 489
307, 474
307, 266
307, 268
307, 163
307, 243
307, 223
307, 323
307, 325
307, 386
307, 392
307, 467
308, 30
308, 135
308, 367
308, 309
308, 479
308, 192
308, 58
308, 69
308, 360
308, 311
308, 328
308, 383
308, 385
308, 396
308, 424
308, 430
309, 257
309, 258
309, 269
309, 305
309, 275
309, 250
309, 23
309, 251
309, 43
309, 97
309, 313
310, 68
310, 74
310, 132
310, 203
310, 243
310, 288
310, 301
310, 200
310, 163
310, 237
310, 401
310, 365
310, 220
310, 317
310, 481
311, 37
311, 56
311, 118
311, 177
311, 238
311, 262
311, 273
311, 167
311, 88
311, 372
311, 302
311, 163
311, 421
311, 415
311, 326
311, 342
311, 348
311, 410
311, 466
312, 6
312, 68
312, 72
312, 120
312, 131
312, 141
312, 170
312, 173
312, 191
312, 233
312, 473
312, 317
312, 468
312, 229
312, 322
312, 22
312, 209
312, 340
312, 408
312, 476
312, 490
313, 78
313, 94
313, 161
313, 210
313, 296
313, 143
313, 356
313, 322
313, 247
313, 471
313, 407
313, 36
313, 340
313, 465
314, 4
314, 91
314, 171
314, 209
314, 191
314, 52
314, 258
314, 427
314, 347
314, 348
314, 322
314, 345
314, 470
315, 31
315, 94
315, 156
315, 248
315, 292
315, 35
315, 426
315, 117
315, 142
315, 162
315, 206
315, 405
315, 410
316, 102
316, 175
316, 194
316, 236
316, 270
316, 327, -1
316, 262
316, 350
316, 334
316, 134
316, 323
316, 409
316, 412
316, 428
316, 463
316, 472
317, 11
317, 316
317, 232
317, 390
317, 333
317, 266
317, 444
317, 79
317, 368
317, 440
317, 453
318, 272
318, 307
318, 322
318, 209
318, 385
318, 181
318, 398
318, 230
318, 123
318, 392
318, 427
318, 432
319, 5
319, 283
319, 405
319, 184
319, 182
319, 4
319, 390
319, 316
319, 266
319, 351
320, 27
320, 57
320, 124
320, 478
320, 497
320, 472
320, 60
320, 139
320, 388
320, 331
320, 408
320, 416
320, 450
320, 480
320, 498
321, 58
321, 119
321, 159
321, 187
321, 339
321, 447
321, 474
321, 351
321, 247
321, 293
321, 109
322, 64
322, 105
322, 142
322, 215
322, 263
322, 117
322, 427
322, 378
322, 459
322, 419
322, 455
322, 254
323, 42
323, 88
323, 121
323, 275
323, 288
323, 465
323, 273
323, 117
323, 146
323, 33
323, 400
323, 480
323, 423
323, 482
324, 50
324, 177
324, 184
324, 230
324, 256
324, 269
324, 288
324, 205
324, 149
324, 299
324, 475
324, 359
324, 384
324, 426
324, 437
324, 443
324, 497
325, 26
325, 151
325, 318
325, 236
325, 81
325, 424
325, 450
325, 70
325, 51
325, 16
325, 367
326, 57
326, 81
326, 99
326, 228
326, 322
326, 378
326, 452
326, 103
326, 444
326, 95
326, 393
326, 272
327, 24
327, 50
327, 82
327, 238
327, 441
327, 443
327, 423
327, 147
327, 38
327, 357
327, 26
327, 439
327, 453
327, 471
328, 8
328, 22
328, 117
328, 197
328, 271
328, 438
328, 371
328, 123
328, 46
328, 224
328, 29
328, 464
328, 396
328, 469
329, 28
329, 188
329, 285
329, 311
329, 469
329, 40
329, 365
329, 488
329, 476
329, 467
329, 176
329, 382
329, 395
329, 414
329, 464
329, 477
330, 2
330, 50
330, 123
330, 168
330, 250
330, 289
330, 80
330, 340
330, 413
330, 241
330, 27
330, 24
330, 151
330, 337
330, 359
330, 470
331, 12
331, 121
331, 162
331, 164
331, 169
331, 229
331, 244
331, 19
331, 319
331, 99
331, 189
331, 259
331, 212
331, 293
331, 483
331, 489
332, 9
332, 35
332, 70
332, 78
332, 101
332, 161
332, 246
332, 100
332, 471
332, 362
332, 271
332, 32
332, 368
332, 468
333, 67
333, 113
333, 141
333, 145
333, 299
333, 317
333, 330
333, 30
333, 331
333, 303
333, 70
333, 472
333, 16
333, 470
333, 342
333, 467
334, 2
334, 143
334, 197
334, 311
334, 262
334, 159
334, 454
334, 59
334, 3
334, 199
334, 139
334, 445
335, 155
335, 186
335, 270
335, 425
335, 368
335, 499
335, 267
335, 130
335, 49
335, 123
335, 417
335, 445
335, 450
336, 52
336, 195
336, 492
336, 214
336, 324
336, 39
336, 169
336, 468
336, 264
336, 397
337, 33
337, 78
337, 137
337, 230
337, 295
337, 330
337, 438
337, 280
337, 452
337, 48
337, 228
337, 381
337, 475
337, 351
338, 3
338, 35
338, 47
338, 171
338, 198
338, 240
338, 302
338, 248
338, 401
338, 378
338, 291
338, 22
338, 124
338, 150
338, 358
338, 436
338, 452
338, 455
339, 59
339, 196
339, 213
339, 257
339, 341
339, 58
339, 13
339, 357
339, 238
339, 349
339, 184
340, 118
340, 304
340, 185
340, 162
340, 482
340, 80
340, 241
340, 426
340, 82
340, 377
341, 35
341, 76
341, 84
341, 221
341, 224
341, 142
341, 355
341, 370
341, 121
341, 148
341, 115
341, 435
341, 351
342, 20
342, 174
342, 264
342, 298
342, 329
342, 455
342, 82
342, 477
342, 358
342, 449
342, 292
342, 185
342, 349
342, 412
343, 51
343, 76
343, 245
343, 311
343, 341
343, 395
343, 351
343, 448
343, 192
343, 321
343, 169
343, 291
344, 27
344, 44
344, 76
344, 90
344, 98
344, 136
344, 159
344, 30
344, 112
344, 462
344, 97
344, 228
344, 16
344, 124
344, 425
345, 77
345, 302
345, 355
345, 219
345, 429
345, 378
345, 394
345, 32
345, 119
345, 478
346, 180
346, 197
346, 268
346, 280
346, 321
346, 204
346, 460
346, 72
346, 120
346, 341
346, 150
346, 465
346, 371
346, 400
346, 411
347, 26
347, 95
347, 96
347, 187
347, 239
347, 308
347, 329
347, 332
347, 186
347, 93
347, 250
347, 434
347, 197
347, 145
347, 248
348, 43
348, 53
348, 196
348, 234
348, 321
348, 331
348, 329
348, 279
348, 143
348, 20
348, 137
348, 38
348, 433
348, 363
348, 372
348, 426
348, 464
349, 89
349, 155
349, 290
349, 348
349, 134
349, 458
349, 363
349, 351
349, 359
349, 426
349, 163
349, 379
349, 423
349, 482
350, 66
350, 103
350, 233
350, 124
350, 362
350, 109
350, 326
350, 346
350, 183
350, 329
350, 478
350, 482
351, 19
351, 43
351, 115
351, 124
351, 131
351, 299
351, 335
351, 116
351, 376
351, 80
351, 213
351, 482
351, 242
351, 484
351, 465
351, 477
352, 75
352, 123
352, 221
352, 392
352, 180
352, 22
352, 46
352, 139
352, 387
352, 263
352, 403
352, 498
353, 121
353, 151
353, 171
353, 213
353, 236
353, 255
353, 271
353, 332
353, 318
353, 306
353, 239
353, 291
353, 328
353, 232
353, 436
354, 69
354, 115
354, 228
354, 370
354, 388
354, 284
354, 106
354, 60
354, 36
354, 405
355, 39
355, 90
355, 204
355, 223
355, 234
355, 293
355, 300
355, 107
355, 28
355, 20
355, 254
355, 279
355, 227
355, 188
355, 397
355, 459
356, 23
356, 70
356, 116
356, 181
356, 184
356, 254
356, 65
356, 426
356, 499
356, 92
356, 213
356, 395
356, 246
357, 47
357, 112
357, 132
357, 141
357, 179
357, 352
357, 70
357, 337
357, 169
357, 153
357, 89
357, 298
357, 227
357, 406
357, 452
358, 133
358, 266
358, 309
358, 310
358, 482
358, 394
358, 77
358, 380
358, 476
358, 171
358, 214
358, 378
358, 413
358, 422
358, 484
359, 132
359, 164
359, 191
359, 223
359, 328
359, 320
359, 384
359, 378
359, 345
359, 207
359, 64, -1
359, 402
360, 11, -1
360, 111
360, 125
360, 155
360, 176
360, 264
360, 277
360, 149
360, 320
360, 446
360, 323
360, 116
360, 495
360, 187
361, 43
361, 45
361, 68
361, 70
361, 165
361, 267
361, 269
361, 291
361, 356
361, 222
361, 29
361, 157
361, 495
361, 410
361, 100
361, 56
361, 371
361, 418
361, 454
361, 473
362, 15
362, 210
362, 39
362, 328
362, 122
362, 404
362, 231
362, 27
362, 461
363, 105
363, 106
363, 143
363, 150
363, 205
363, 274
363, 336
363, 137
363, 411
363, 393
363, 35
363, 298
363, 366
363, 254
364, 83
364, 91
364, 143
364, 164
364, 197
364, 257
364, 265
364, 296
364, 330
364, 156
364, 408
364, 1
364, 347
364, 475
364, 195
364, 74
364, 434
365, 1
365, 11
365, 14
365, 328
365, 121
365, 371
365, 224
365, 251
365, 128
365, 394
365, 177
365, 389
365, 428
365, 467
366, 53
366, 284
366, 317
366, 331
366, 333
366, 264
366, 365
366, 123
366, 490
366, 8
366, 369
366, 458
366, 397
367, 193
367, 275
367, 301
367, 383
367, 268
367, 375
367, 400
367, 192
367, 409
367, 458
367, 498
368, 116
368, 339
368, 19
368, 197
368, 52
368, 383
368, 175
368, 374
368, 168
368, 441
369, 57
369, 183
369, 206
369, 245
369, 286
369, 289
369, 358
369, 380
369, 494
369, 101
369, 105
369, 391
369, 301
369, 450
370, 32
370, 35
370, 72
370, 138
370, 159
370, 295
370, 357
370, 410
370, 419
370, 191
370, 48
370, 276
370, 224
370, 349
370, 381
371, 88
371, 92
371, 297
371, 343
371, 349
371, 233
371, 443
371, 446
371, 116
371, 240
371, 333
371, 20
371, 406
372, 33
372, 290
372, 297
372, 97
372, 149
372, 438
372, 193
372, 173
372, 223
372, 487
373, 13
373, 58
373, 84
373, 194
373, 235
373, 309
373, 314
373, 339
373, 350
373, 301
373, 145
373, 18
373, 83
373, 277
373, 420
373, 274
373, 378
373, 479
374, 65
374, 183
374, 264
374, 335
374, 338
374, 362
374, 356
374, 361
374, 329
374, 91
374, 311
374, 445
374, 443
375, 13
375, 69
375, 209
375, 360
375, 244
375, 328
375, 155
375, 175
375, 269
375, 310
375, 453
375, 381
375, 432
375, 475
376, 65
376, 142
376, 166
376, 186
376, 212
376, 243
376, 251
376, 450
376, 234
376, 499
376, 174
376, 15
376, 92
376, 440
376, 388
377, 123
377, 153
377, 182
377, 226
377, 335
377, 371
377, 372
377, 31
377, 324
377, 250
377, 141
377, 168
377, 436
377, 61
377, 451
378, 48
378, 197
378, 224
378, 420
378, 32
378, 252
378, 9
378, 274
378, 481
378, 116
378, 395
378, 430
379, 14
379, 210
379, 236
379, 250
379, 288
379, 397, -1
379, 200
379, 83
379, 275
379, 95
379, 161
379, 130
379, 463
379, 494
380, 6
380, 327
380, 181
380, 223
380, 59
380, 73
380, 247
380, 82
380, 343
380, 433
380, 444
380, 449
381, 86
381, 178
381, 213
381, 225
381, 252
381, 309
381, 346
381, 361
381, 59
381, 465
381, 374
381, 257
381, 281
381, 392
381, 390
381, 427
381, 459
381, 494
382, 18
382, 290
382, 292
382, 334
382, 371
382, 478
382, 227
382, 190
382, 307
382, 335
382, 102
382, 252
383, 40
383, 106
383, 136
383, 248
383, 440
383, 284
383, 17
383, 336
383, 121
383, 115
383, 82
383, 405
383, 436
383, 455
384, 193
384, 347
384, 370
384, 397
384, 343
384, 58
384, 247
384, 137
384, 167
384, 103
385, 117
385, 160
385, 195
385, 230
385, 47
385, 103
385, 368
385, 381
385, 187
385, 165
385, 491
385, 428
385, 468
386, 24
386, 42
386, 217
386, 230
386, 267
386, 326
386, 373
386, 59
386, 284
386, 274
386, 351
386, 286
386, 32
386, 47
386, 394
386, 488
386, 499
387, 70
387, 294
387, 349
387, 66
387, 89
387, 304
387, 217
387, 358
387, 237
387, 23
387, 434
387, 467
388, 66
388, 212
388, 222
388, 235
388, 356
388, 162
388, 464
388, 205
388, 300
388, 86
388, 364
388, 288
388, 466
389, 41
389, 142
389, 153
389, 169
389, 308
389, 319
389, 338
389, 357
389, 379
389, 492
389, 115
389, 458
389, 48
389, 332
389, 478
389, 33
389, 392
389, 431
389, 432
390, 23
390, 97
390, 99
390, 182
390, 211
390, 279
390, 335
390, 380
390, 21
390, 383
390, 94
390, 261
390, 420
390, 59
390, 215
390, 421
390, 489
390, 493
391, 5
391, 68
391, 139
391, 154
391, 157
391, 168
391, 192
391, 229
391, 240
391, 298
391, 427
391, 371
391, 354
391, 127
391, 474
391, 201
391, 433
392, 150
392, 155
392, 192
392, 224
392, 315
392, 336
392, 370
392, 387
392, 458
392, 384
392, 93
392, 248
392, 390
392, 46
392, 444
392, 406
392, 424
392, 463
393, 33
393, 91
393, 93
393, 96
393, 135
393, 157
393, 206
393, 44
393, 283
393, 439
393, 236
393, 110
393, 318
394, 1
394, 84
394, 357
394, 365
394, 103
394, 196
394, 268
394, 18
394, 151
394, 68
394, 182
394, 439
394, 447
394, 474
394, 499
395, 32
395, 140
395, 256
395, 47
395, 43
395, 428
395, 147
395, 20
395, 334
395, 424
395, 443
395, 486
396, 19
396, 114
396, 184
396, 217
396, 229
396, 234
396, 306
396, 337
396, 384
396, 319
396, 139
396, 8
396, 356
396, 206
396, 480
396, 123
396, 452
397, 6
397, 11
397, 46
397, 283
397, 159
397, 492
397, 458
397, 262
397, 68
397, 73
397, 86
397, 422
397, 445
398, 273
398, 302
398, 396
398, 107
398, 156
398, 369
398, 21
398, 137
398, 312
398, 102
398, 463
398, 484
398, 496
399, 33
399, 75
399, 141
399, 148
399, 172
399, 227
399, 232
399, 250
399, 258
399, 275
399, 277
399, 289
399, 463
399, 56
399, 441
399, 90
399, 406
399, 200
399, 418
400, 138
400, 189
400, 241
400, 295
400, 69
400, 148
400, 135
400, 263
400, 440
400, 36
400, 150
400, 445
400, 461
401, 303
401, 349
401, 354
401, 24
401, 430, -1
401, 412
401, 394
401, 59
401, 241
401, 250
401, 492
401, 496
402, 14
402, 33
402, 82
402, 178
402, 225
402, 324
402, 364
402, 382
402, 485
402, 367
402, 68
402, 416
402, 497
402, 349
402, 493
402, 418
402, 482
402, 490
402, 496
403, 3
403, 10
403, 61
403, 284
403, 294
403, 342
403, 359
403, 399
403, 11
403, 4
403, 382
403, 134
403, 110
403, 218
403, 331
403, 462
403, 471
404, 0
404, 31
404, 86
404, 140
404, 202
404, 321
404, 367
404, 396
404, 161
404, 343
404, 347
404, 300
404, 418
404, 195
404, 4
405, 111
405, 166
405, 242
405, 297
405, 321
405, 328
405, 376
405, 230
405, 193
405, 62
405, 408
405, 481
405, 74
405, 488
406, 12
406, 102
406, 241
406, 336
406, 342
406, 379
406, 360
406, 404
406, 176
406, 281
406, 151
406, 324
406, 478
406, 469
407, 92
407, 132
407, 194
407, 358
407, 287
407, 427
407, 202
407, 339
407, 40
407, 377
407, 294
407, 440
407, 456
407, 458
407, 479
408, 35
408, 49
408, 51
408, 63
408, 72
408, 124
408, 147
408, 377
408, 87
408, 309
408, 82
408, 241
408, 98
408, 11
408, 476
409, 61
409, 66
409, 231
409, 338
409, 341
409, 429
409, 252
409, 133
409, 98
409, 303
409, 36
409, 446
409, 458
410, 28
410, 55
410, 134
410, 152
410, 246
410, 264
410, 366
410, 368
410, 444
410, 379
410, 67
410, 340
410, 346
410, 306
411, 93
411, 152
411, 187
411, 227
411, 250
411, 386
411, 148
411, 267
411, 378
411, 421
411, 189
411, 426
411, 116
411, 418
412, 43
412, 114
412, 164
412, 175
412, 190
412, 246
412, 325
412, 121
412, 347
412, 373
412, 136
412, 67
412, 252
412, 475
412, 415
412, 446
413, 63
413, 144
413, 240
413, 306
413, 385
413, 412
413, 367
413, 60
413, 435
413, 273
413, 277
413, 474
413, 133
413, 433
414, 79
414, 100
414, 114
414, 176
414, 218
414, 322
414, 262
414, 152
414, 94
414, 445
414, 423
414, 32
414, 441
415, 7
415, 184
415, 346
415, 353
415, 168
415, 361
415, 324
415, 371
415, 247
415, 489
415, 243
415, 419
415, 435
415, 460
415, 481
415, 487
415, 498
416, 3
416, 39
416, 46
416, 52
416, 56
416, 222
416, 246
416, 316
416, 363
416, 159
416, 240
416, 247, -1
416, 14
416, 304
416, 270
416, 277
416, 431
416, 446
417, 167
417, 290
417, 127
417, 315
417, 129
417, 276
417, 157
417, 329
417, 316
417, 490
418, 137
418, 170
418, 297
418, 313
418, 384
418, 419
418, 315
418, 260
418, 77
418, 254
418, 486
418, 333
418, 426
419, 7
419, 61
419, 88
419, 168
419, 177
419, 309
419, 322
419, 324
419, 341
419, 344
419, 443
419, 178
419, 227
419, 5
419, 411
419, 399
419, 43
420, 21
420, 95
420, 99
420, 102
420, 166
420, 272
420, 331
420, 342
420, 105
420, 183
420, 487
420, 236
420, 243
420, 274
420, 244
421, 57
421, 127
421, 134
421, 166
421, 268
421, 189
421, 312
421, 42
421, 110
421, 477
421, 258
421, 260
421, 435
422, 41
422, 46
422, 59
422, 120
422, 244
422, 258
422, 267
422, 403
422, 170
422, 271
422, 329
422, 289
422, 318
422, 107
422, 342
423, 106
423, 147
423, 249
423, 262
423, 315
423, 425
423, 489
423, 157
423, 331
423, 268
423, 1
423, 178
423, 456
424, 79
424, 98
424, 149
424, 278
424, 301
424, 397
424, 150
424, 116
424, 213
424, 73
424, 189
424, 6
424, 458
424, 438
425, 106
425, 140
425, 220
425, 355
425, 366
425, 382
425, 35
425, 427
425, 372
425, 229
425, 388
425, 446
425, 198
425, 440
425, 487
426, 202
426, 216
426, 290
426, 277
426, 9
426, 76
426, 272
426, 356
426, 226
426, 65
426, 479
427, 62
427, 100
427, 227
427, 458
427, 322
427, 122
427, 455
427, 192
427, 195
427, 126
427, 431
427, 470
428, 38
428, 65
428, 80
428, 302
428, 108
428, 55
428, 272
428, 361
428, 490
428, 485
428, 335
428, 460
429, 9
429, 48
429, 87
429, 130
429, 280
429, 294
429, 300
429, 368
429, 418
429, 499
429, 360
429, 11
429, 88
429, 440
429, 402
429, 229
429, 437
430, 200
430, 272
430, 364
430, 75
430, 475
430, 435
430, 174
430, 488
430, 451
430, 464
431, 20
431, 245
431, 249
431, 398
431, 410
431, 320
431, 346
431, 265
431, 25
431, 4
431, 449
431, 24
431, 477
432, 108
432, 216
432, 291
432, 303
432, 326
432, 397
432, 463
432, 398
432, 110
432, 311
432, 486
432, 496
433, 36
433, 103
433, 127
433, 135
433, 148
433, 206
433, 284
433, 361
433, 409
433, 178
433, 243
433, 236
433, 132
433, 155
433, 416
433, 213
433, 478
433, 491
434, 0
434, 37
434, 81
434, 148
434, 163
434, 198
434, 214
434, 259
434, 323
434, 387
434, 472
434, 403
434, 246
434, 290
434, 183
434, 491
434, 200
435, 4
435, 44
435, 75
435, 197
435, 199
435, 212
435, 275
435, 378
435, 388
435, 195
435, 391
435, 333
435, 312
435, 348
435, 465
435, 12
435, 499
436, 100
436, 163
436, 166
436, 196
436, 320
436, 344
436, 386
436, 352
436, 495
436, 275
436, 135
436, 157
436, 200
436, 413
436, 463
436, 496
437, 43
437, 64
437, 376
437, 436
437, 270
437, 462
437, 17
437, 455
437, 131
437, 29
437, 466
437, 492
438, 87
438, 97
438, 98
438, 226
438, 228
438, 293
438, 43
438, 415
438, 492
438, 365
438, 206
438, 390
438, 425
438, 475
438, 485
439, 96
439, 277
439, 314
439, 391
439, 459
439, 223
439, 484
439, 147
439, 79
439, 159
439, 77
440, 236
440, 343
440, 347
440, 367
440, 376
440, 378
440, 242
440, 65
440, 382
440, 421
440, 151
440, 96
440, 486
441, 14
441, 19
441, 84
441, 94
441, 130
441, 287
441, 308
441, 350
441, 360
441, 374
441, 418
441, 252
441, 376
441, 465
441, 240
441, 435
441, 377
441, 42
442, 81
442, 176
442, 214
442, 259
442, 282
442, 283
442, 304
442, 354
442, 145
442, 395
442, 374
442, 170
442, 78
442, 59
442, 389
443, 34
443, 55
443, 93
443, 162
443, 208
443, 349
443, 459
443, 432
443, 321
443, 340
443, 81
443, 487
444, 47
444, 60
444, 146
444, 153
444, 241
444, 323
444, 374
444, 376
444, 380
444, 13
444, 23
444, 303
444, 133
444, 333
444, 262
444, 53, -1
445, 149
445, 171
445, 199
445, 207
445, 242
445, 276
445, 322
445, 362
445, 27
445, 497
445, 458
445, 364
445, 467
445, 224
445, 485
446, 7
446, 20
446, 51
446, 85
446, 298
446, 406
446, 13
446, 146
446, 265
446, 322
447, 77
447, 109
447, 379
447, 431
447, 114
447, 390
447, 104
447, 300
447, 212
447, 486
448, 52
448, 87
448, 143
448, 178
448, 205
448, 219
448, 220
448, 262
448, 381
448, 333
448, 376
448, 290
448, 303
448, 119
448, 38
448, 456
448, 476
449, 21
449, 105
449, 115
449, 146
449, 286
449, 372
449, 392
449, 465
449, 109
449, 497
449, 32
449, 492
449, 257
449, 124
449, 460
450, 125
450, 196
450, 206
450, 254
450, 268
450, 398
450, 394
450, 423
450, 438
450, 412
450, 313
450, 252
450, 141
451, 30
451, 31
451, 45
451, 305
451, 356
451, 369
451, 392
451, 285
451, 154
451, 476
451, 19
451, 434
451, 214
451, 53
452, 44
452, 59
452, 103
452, 161
452, 198
452, 208
452, 233
452, 291
452, 196
452, 185
452, 280
452, 189
452, 160
452, 457
452, 458
453, 152
453, 205
453, 243
453, 366
453, 389
453, 402
453, 410
453, 40
453, 395
453, 338
453, 345
453, 175
453, 146
454, 104
454, 298
454, 325
454, 285
454, 126
454, 423
454, 74
454, 67
454, 159
454, 173
454, 481
455, 13
455, 100
455, 115
455, 385
455, 223
455, 55
455, 395
455, 28
455, 480
455, 73
455, 398
456, 38
456, 156
456, 211
456, 260
456, 356
456, 226
456, 484
456, 242
456, 60
456, 166
456, 250
456, 208
457, 12
457, 22
457, 67
457, 104
457, 117
457, 255
457, 310
457, 426
457, 99
457, 157
457, 396
457, 56
457, 115
457, 38
457, 395
458, 94
458, 368
458, 494
458, 172
458, 495
458, 435
458, 105
458, 248
458, 104
459, 15
459, 34
459, 139
459, 267
459, 291
459, 325
459, 344
459, 290
459, 181
459, 265
459, 414
459, 282
459, 415
459, 257
459, 477
460, 312
460, 405
460, 90
460, 425
460, 73
460, 346
460, 197
460, 240
460, 39
460, 465
460, 490
461, 0
461, 79
461, 170
461, 200
461, 274
461, 428
461, 146
461, 246
461, 487
461, 458
461, 439
461, 167
461, 468
462, 125
462, 244
462, 254
462, 269
462, 349
462, 393
462, 458
462, 387
462, 295
462, 86
462, 412
462, 146
462, 41
462, 355
463, 43
463, 129
463, 258
463, 263
463, 175
463, 462
463, 245
463, 485
463, 383
463, 401
463, 420
463, 489
464, 144
464, 275
464, 331
464, 124
464, 169
464, 225
464, 470
464, 326
464, 422
464, 280
465, 46
465, 153
465, 259
465, 277
465, 324
465, 373
465, 448
465, 482
465, 222
465, 186
465, 322
465, 318
465, 423
465, 272
466, 26
466, 34
466, 59
466, 276
466, 390
466, 424
466, 467
466, 438
466, 463
466, 307
466, 447
466, 426
467, 25
467, 63
467, 337
467, 354
467, 372
467, 203
467, 137
467, 238
467, 349
467, 351
467, 36
467, 8
467, 490
468, 84
468, 285
468, 394
468, 439
468, 366
468, 383
468, 172
468, 334
468, 405
468, 51
468, 145
468, 471
469, 18
469, 29
469, 128
469, 144
469, 259
469, 348
469, 391
469, 357
469, 81
469, 32
469, 109
469, 62
469, 49
469, 44
470, 107
470, 114
470, 208
470, 285
470, 353
470, 368
470, 429
470, 433
470, 215
470, 91
470, 481
470, 136
470, 48
470, 499
471, 2
471, 275
471, 279
471, 303
471, 414
471, 435
471, 388
471, 374
471, 191
471, 250
471, 339
471, 41
471, 332
472, 269
472, 285
472, 309
472, 317
472, 390
472, 406
472, 477
472, 493
472, 193
472, 246
472, 362
472, 202
473, 54
473, 104
473, 117
473, 249
473, 327
473, 378
473, 394
473, 29
473, 467
473, 48
473, 390
473, 492
473, 448
473, 77
474, 168
474, 187
474, 251
474, 268
474, 359
474, 394
474, 124
474, 363
474, 179
474, 344
474, 297
474, 62
474, 19
475, 16
475, 38
475, 63
475, 286
475, 386
475, 403
475, 468
475, 46
475, 185
475, 194
475, 136
475, 427
475, 365
475, 47
476, 29
476, 51
476, 117
476, 185
476, 217
476, 333
476, 366
476, 373
476, 410
476, 436
476, 49
476, 227
476, 34
476, 493
476, 356
476, 445
477, 38
477, 108
477, 185
477, 223
477, 256
477, 273
477, 358
477, 402
477, 450
477, 412
477, 84
477, 106
477, 421
477, 45
477, 9
477, 21
478, 25
478, 130
478, 134
478, 145
478, 158
478, 173
478, 221
478, 350
478, 230
478, 383
478, 128
478, 374
478, 75
478, 216
479, 24
479, 97
479, 276
479, 411
479, 420
479, 452
479, 469
479, 179
479, 309
479, 163
479, 54
479, 433
479, 287
480, 6
480, 83
480, 89
480, 126
480, 207
480, 225
480, 318
480, 337
480, 415
480, 288
480, 201
480, 350
480, 161
480, 355
480, 246
480, 465
481, 13
481, 16
481, 82
481, 109
481, 164
481, 168
481, 221
481, 412
481, 455
481, 127
481, 441
481, 453
481, 8
481, 227
481, 390
481, 199
481, 483
482, 36
482, 125
482, 173
482, 182
482, 219
482, 290
482, 305
482, 425
482, 338
482, 49
482, 292
482, 65
482, 475
482, 362
482, 392
483, 155
483, 175
483, 176
483, 185
483, 247
483, 375
483, 406
483, 409
483, 457
483, 474
483, 228
483, 401
483, 295
483, 361
484, 16
484, 49
484, 98
484, 297
484, 395
484, 431
484, 171
484, 57
484, 472
484, 115
484, 222
484, 61
484, 496
485, 17
485, 96
485, 218
485, 233
485, 362
485, 441
485, 467
485, 286
485, 76
485, 376
485, 271
485, 330
485, 40
485, 387
485, 487
486, 146
486, 157
486, 341
486, 383
486, 417
486, 443
486, 254
486, 205
486, 19
486, 273
486, 489
486, 446
486, 188
487, 14
487, 49
487, 92
487, 98
487, 135
487, 344
487, 416
487, 435
487, 448
487, 453
487, 187
487, 352
487, 329
487, 438
487, 0
487, 277
487, 173
488, 64
488, 126
488, 175
488, 438
488, 310
488, 316
488, 249
488, 130
488, 292
488, 461
488, 55
489, 62
489, 96
489, 140
489, 144
489, 203
489, 210
489, 211
489, 309
489, 312
489, 358
489, 374
489, 396
489, 316
489, 424
489, 250
489, 404
489, 360
489, 350
489, 225
490, 47
490, 116
490, 223
490, 249
490, 291
490, 471
490, 474
490, 476
490, 184
490, 235
490, 327
490, 55
490, 417
490, 121
490, 394
491, 43
491, 76
491, 118
491, 152
491, 310
491, 414
491, 201
491, 213
491, 217
491, 268
491, 300
491, 496
491, 161
492, 69
492, 132
492, 136
492, 250
492, 278
492, 352
492, 423
492, 468
492, 477
492, 281
492, 199
492, 122
492, 389
492, 197
492, 333
492, 63
493, 0
493, 21
493, 24
493, 104
493, 151
493, 225
493, 298
493, 392
493, 195
493, 43
493, 80
493, 13
493, 301
493, 200
493, 487, -1
494, 165
494, 435
494, 13
494, 180
494, 169
494, 346
494, 124
494, 481
494, 212
495, 4
495, 44
495, 61
495, 83
495, 106
495, 114
495, 268
495, 334
495, 383
495, 457
495, 23
495, 338
495, 289
495, 290
495, 262
495, 470
495, 437
496, 57
496, 58
496, 78
496, 381
496, 421
496, 425
496, 427
496, 187
496, 383
496, 84
496, 230
496, 263
496, 289
497, 148
497, 180
497, 346
497, 407
497, 427
497, 481
497, 220
497, 337
497, 476
497, 463, -1
497, 262
497, 276
497, 390
498, 25
498, 45
498, 269
498, 332
498, 383
498, 405
498, 439
498, 441
498, 490
498, 483
498, 12
498, 303
498, 288
498, 353
498, 100
498, 68
499, 38
499, 186
499, 363
499, 475
499, 199
499, 308
499, 91
499, 183
499, 168
499, 315
499, 46
