100
46,51,20,47,55,88,85,25,6,65,92,16,3,70,83,35,39,74,66,77,5,53,97,94,18,12,93,71,52,60,62,26,8,0,40,44,9,58,11,95,56,14,63,78,68,38,67,59,27,29,45,4,64,72,98,42,33,50,82,84,48,17,13,89,1,73,43,10,41,54,87,24,2,37,36,99,76,61,96,23,30,75,91,34,49,22,15,79,19,31,81,80,86,32,69,90,21,28,57,7
46,51,20,47,55,88,85,25,6,65,92,16,3,70,83,35,39,74,66,77,5,53,97,94,18,12,93,71,52,60,62,26,8,0,40,44,9,58,11,95,56,14,63,78,68,38,67,59,27,29,45,4,64,72,98,42,33,50,82,84,48,17,13,89,1,73,43,10,41,54,87,24,2,37,36,99,76,61,96,23,30,75,91,34,49,22,15,79,19,31,81,80,86,32,69,90,21,28,57,7
46,51,20,47,55,88,85,25,6,65,92,16,3,70,83,35,39,74,66,77,5,53,97,94,18,12,93,71,52,60,62,26,8,0,40,44,9,58,11,95,56,14,63,78,68,38,67,59,27,29,45,4,64,72,98,42,33,50,82,84,48,17,13,89,1,73,43,10,41,54,87,24,2,37,36,99,76,61,96,23,30,75,91,34,49,22,15,79,19,31,81,80,86,32,69,90,21,28,57,7
46,51,20,47,55,88,85,25,6,65,92,16,3,70,83,35,39,74,66,77,5,53,97,94,18,12,93,71,52,60,62,26,8,0,40,44,9,58,11,95,56,14,63,78,68,38,67,59,27,29,45,4,64,72,98,42,33,50,82,84,48,17,13,89,1,73,43,10,41,54,87,24,2,37,36,99,76,61,96,23,30,75,91,34,49,22,15,79,19,31,81,80,86,32,69,90,21,28,57,7
46,51,20,47,55,88,85,25,6,65,92,16,3,70,83,35,39,74,66,77,5,53,97,94,18,12,93,71,52,60,62,26,8,0,40,44,9,58,11,95,56,14,63,78,68,38,67,59,27,29,45,4,64,72,98,42,33,50,82,84,48,17,13,89,1,73,43,10,41,54,87,24,2,37,36,99,76,61,96,23,30,75,91,34,49,22,15,79,19,31,81,80,86,32,69,90,21,28,57,7
46,51,20,47,55,88,85,25,6,65,92,16,3,70,83,35,39,74,66,77,5,53,97,94,18,12,93,71,52,60,62,26,8,0,40,44,9,58,11,95,56,14,63,78,68,38,67,59,27,29,45,4,64,72,98,42,33,50,82,84,48,17,13,89,1,73,43,10,41,54,87,24,2,37,36,99,76,61,96,23,30,75,91,34,49,22,15,79,19,31,81,80,86,32,69,90,21,28,57,7
46,51,20,47,55,88,85,25,6,65,92,16,3,70,83,35,39,74,66,77,5,53,97,94,18,12,93,71,52,60,62,26,8,0,40,44,9,58,11,95,56,14,63,78,68,38,67,59,27,29,45,4,64,72,98,42,33,50,82,84,48,17,13,89,1,73,43,10,41,54,87,24,2,37,36,99,76,61,96,23,30,75,91,34,49,22,15,79,19,31,81,80,86,32,69,90,21,28,57,7
46,51,20,47,55,88,85,25,6,65,92,16,3,70,83,35,39,74,66,77,5,53,97,94,18,12,93,71,52,60,62,26,8,0,40,44,9,58,11,95,56,14,63,78,68,38,67,59,27,29,45,4,64,72,98,42,33,50,82,84,48,17,13,89,1,73,43,10,41,54,87,24,2,37,36,99,76,61,96,23,30,75,91,34,49,22,15,79,19,31,81,80,86,32,69,90,21,28,57,7
46,51,20,47,55,88,85,25,6,65,92,16,3,70,83,35,39,74,66,77,5,53,97,94,18,12,93,71,52,60,62,26,8,0,40,44,9,58,11,95,56,14,63,78,68,38,67,59,27,29,45,4,64,72,98,42,33,50,82,84,48,17,13,89,1,73,43,10,41,54,87,24,2,37,36,99,76,61,96,23,30,75,91,34,49,22,15,79,19,31,81,80,86,32,69,90,21,28,57,7
46,51,20,47,55,88,85,25,6,65,92,16,3,70,83,35,39,74,66,77,5,53,97,94,18,12,93,71,52,60,62,26,8,0,40,44,9,58,11,95,56,14,63,78,68,38,67,59,27,29,45,4,64,72,98,42,33,50,82,84,48,17,13,89,1,73,43,10,41,54,87,24,2,37,36,99,76,61,96,23,30,75,91,34,49,22,15,79,19,31,81,80,86,32,69,90,21,28,57,7
46,51,20,47,55,88,85,25,6,65,92,16,3,70,83,35,39,74,66,77,5,53,97,94,18,12,93,71,52,60,62,26,8,0,40,44,9,58,11,95,56,14,63,78,68,38,67,59,27,29,45,4,64,72,98,42,33,50,82,84,48,17,13,89,1,73,43,10,41,54,87,24,2,37,36,99,76,61,96,23,30,75,91,34,49,22,15,79,19,31,81,80,86,32,69,90,21,28,57,7
46,51,20,47,55,88,85,25,6,65,92,16,3,70,83,35,39,74,66,77,5,53,97,94,18,12,93,71,52,60,62,26,8,0,40,44,9,58,11,95,56,14,63,78,68,38,67,59,27,29,45,4,64,72,98,42,33,50,82,84,48,17,13,89,1,73,43,10,41,54,87,24,2,37,36,99,76,61,96,23,30,75,91,34,49,22,15,79,19,31,81,80,86,32,69,90,21,28,57,7
46,51,20,47,55,88,85,25,6,65,92,16,3,70,83,35,39,74,66,77,5,53,97,94,18,12,93,71,52,60,62,26,8,0,40,44,9,58,11,95,56,14,63,78,68,38,67,59,27,29,45,4,64,72,98,42,33,50,82,84,48,17,13,89,1,73,43,10,41,54,87,24,2,37,36,99,76,61,96,23,30,75,91,34,49,22,15,79,19,31,81,80,86,32,69,90,21,28,57,7
46,51,20,47,55,88,85,25,6,65,92,16,3,70,83,35,39,74,66,77,5,53,97,94,18,12,93,71,52,60,62,26,8,0,40,44,9,58,11,95,56,14,63,78,68,38,67,59,27,29,45,4,64,72,98,42,33,50,82,84,48,17,13,89,1,73,43,10,41,54,87,24,2,37,36,99,76,61,96,23,30,75,91,34,49,22,15,79,19,31,81,80,86,32,69,90,21,28,57,7
46,51,20,47,55,88,85,25,6,65,92,16,3,70,83,35,39,74,66,77,5,53,97,94,18,12,93,71,52,60,62,26,8,0,40,44,9,58,11,95,56,14,63,78,68,38,67,59,27,29,45,4,64,72,98,42,33,50,82,84,48,17,13,89,1,73,43,10,41,54,87,24,2,37,36,99,76,61,96,23,30,75,91,34,49,22,15,79,19,31,81,80,86,32,69,90,21,28,57,7
46,51,20,47,55,88,85,25,6,65,92,16,3,70,83,35,39,74,66,77,5,53,97,94,18,12,93,71,52,60,62,26,8,0,40,44,9,58,11,95,56,14,63,78,68,38,67,59,27,29,45,4,64,72,98,42,33,50,82,84,48,17,13,89,1,73,43,10,41,54,87,24,2,37,36,99,76,61,96,23,30,75,91,34,49,22,15,79,19,31,81,80,86,32,69,90,21,28,57,7
46,51,20,47,55,88,85,25,6,65,92,16,3,70,83,35,39,74,66,77,5,53,97,94,18,12,93,71,52,60,62,26,8,0,40,44,9,58,11,95,56,14,63,78,68,38,67,59,27,29,45,4,64,72,98,42,33,50,82,84,48,17,13,89,1,73,43,10,41,54,87,24,2,37,36,99,76,61,96,23,30,75,91,34,49,22,15,79,19,31,81,80,86,32,69,90,21,28,57,7
46,51,20,47,55,88,85,25,6,65,92,16,3,70,83,35,39,74,66,77,5,53,97,94,18,12,93,71,52,60,62,26,8,0,40,44,9,58,11,95,56,14,63,78,68,38,67,59,27,29,45,4,64,72,98,42,33,50,82,84,48,17,13,89,1,73,43,10,41,54,87,24,2,37,36,99,76,61,96,23,30,75,91,34,49,22,15,79,19,31,81,80,86,32,69,90,21,28,57,7
46,51,20,47,55,88,85,25,6,65,92,16,3,70,83,35,39,74,66,77,5,53,97,94,18,12,93,71,52,60,62,26,8,0,40,44,9,58,11,95,56,14,63,78,68,38,67,59,27,29,45,4,64,72,98,42,33,50,82,84,48,17,13,89,1,73,43,10,41,54,87,24,2,37,36,99,76,61,96,23,30,75,91,34,49,22,15,79,19,31,81,80,86,32,69,90,21,28,57,7
46,51,20,47,55,88,85,25,6,65,92,16,3,70,83,35,39,74,66,77,5,53,97,94,18,12,93,71,52,60,62,26,8,0,40,44,9,58,11,95,56,14,63,78,68,38,67,59,27,29,45,4,64,72,98,42,33,50,82,84,48,17,13,89,1,73,43,10,41,54,87,24,2,37,36,99,76,61,96,23,30,75,91,34,49,22,15,79,19,31,81,80,86,32,69,90,21,28,57,7
46,51,20,47,55,88,85,25,6,65,92,16,3,70,83,35,39,74,66,77,5,53,97,94,18,12,93,71,52,60,62,26,8,0,40,44,9,58,11,95,56,14,63,78,68,38,67,59,27,29,45,4,64,72,98,42,33,50,82,84,48,17,13,89,1,73,43,10,41,54,87,24,2,37,36,99,76,61,96,23,30,75,91,34,49,22,15,79,19,31,81,80,86,32,69,90,21,28,57,7
46,51,20,47,55,88,85,25,6,65,92,16,3,70,83,35,39,74,66,77,5,53,97,94,18,12,93,71,52,60,62,26,8,0,40,44,9,58,11,95,56,14,63,78,68,38,67,59,27,29,45,4,64,72,98,42,33,50,82,84,48,17,13,89,1,73,43,10,41,54,87,24,2,37,36,99,76,61,96,23,30,75,91,34,49,22,15,79,19,31,81,80,86,32,69,90,21,28,57,7
46,51,20,47,55,88,85,25,6,65,92,16,3,70,83,35,39,74,66,77,5,53,97,94,18,12,93,71,52,60,62,26,8,0,40,44,9,58,11,95,56,14,63,78,68,38,67,59,27,29,45,4,64,72,98,42,33,50,82,84,48,17,13,89,1,73,43,10,41,54,87,24,2,37,36,99,76,61,96,23,30,75,91,34,49,22,15,79,19,31,81,80,86,32,69,90,21,28,57,7
46,51,20,47,55,88,85,25,6,65,92,16,3,70,83,35,39,74,66,77,5,53,97,94,18,12,93,71,52,60,62,26,8,0,40,44,9,58,11,95,56,14,63,78,68,38,67,59,27,29,45,4,64,72,98,42,33,50,82,84,48,17,13,89,1,73,43,10,41,54,87,24,2,37,36,99,76,61,96,23,30,75,91,34,49,22,15,79,19,31,81,80,86,32,69,90,21,28,57,7
46,51,20,47,55,88,85,25,6,65,92,16,3,70,83,35,39,74,66,77,5,53,97,94,18,12,93,71,52,60,62,26,8,0,40,44,9,58,11,95,56,14,63,78,68,38,67,59,27,29,45,4,64,72,98,42,33,50,82,84,48,17,13,89,1,73,43,10,41,54,87,24,2,37,36,99,76,61,96,23,30,75,91,34,49,22,15,79,19,31,81,80,86,32,69,90,21,28,57,7
46,51,20,47,55,88,85,25,6,65,92,16,3,70,83,35,39,74,66,77,5,53,97,94,18,12,93,71,52,60,62,26,8,0,40,44,9,58,11,95,56,14,63,78,68,38,67,59,27,29,45,4,64,72,98,42,33,50,82,84,48,17,13,89,1,73,43,10,41,54,87,24,2,37,36,99,76,61,96,23,30,75,91,34,49,22,15,79,19,31,81,80,86,32,69,90,21,28,57,7
46,51,20,47,55,88,85,25,6,65,92,16,3,70,83,35,39,74,66,77,5,53,97,94,18,12,93,71,52,60,62,26,8,0,40,44,9,58,11,95,56,14,63,78,68,38,67,59,27,29,45,4,64,72,98,42,33,50,82,84,48,17,13,89,1,73,43,10,41,54,87,24,2,37,36,99,76,61,96,23,30,75,91,34,49,22,15,79,19,31,81,80,86,32,69,90,21,28,57,7
46,51,20,47,55,88,85,25,6,65,92,16,3,70,83,35,39,74,66,77,5,53,97,94,18,12,93,71,52,60,62,26,8,0,40,44,9,58,11,95,56,14,63,78,68,38,67,59,27,29,45,4,64,72,98,42,33,50,82,84,48,17,13,89,1,73,43,10,41,54,87,24,2,37,36,99,76,61,96,23,30,75,91,34,49,22,15,79,19,31,81,80,86,32,69,90,21,28,57,7
46,51,20,47,55,88,85,25,6,65,92,16,3,70,83,35,39,74,66,77,5,53,97,94,18,12,93,71,52,60,62,26,8,0,40,44,9,58,11,95,56,14,63,78,68,38,67,59,27,29,45,4,64,72,98,42,33,50,82,84,48,17,13,89,1,73,43,10,41,54,87,24,2,37,36,99,76,61,96,23,30,75,91,34,49,22,15,79,19,31,81,80,86,32,69,90,21,28,57,7
46,51,20,47,55,88,85,25,6,65,92,16,3,70,83,35,39,74,66,77,5,53,97,94,18,12,93,71,52,60,62,26,8,0,40,44,9,58,11,95,56,14,63,78,68,38,67,59,27,29,45,4,64,72,98,42,33,50,82,84,48,17,13,89,1,73,43,10,41,54,87,24,2,37,36,99,76,61,96,23,30,75,91,34,49,22,15,79,19,31,81,80,86,32,69,90,21,28,57,7
46,51,20,47,55,88,85,25,6,65,92,16,3,70,83,35,39,74,66,77,5,53,97,94,18,12,93,71,52,60,62,26,8,0,40,44,9,58,11,95,56,14,63,78,68,38,67,59,27,29,45,4,64,72,98,42,33,50,82,84,48,17,13,89,1,73,43,10,41,54,87,24,2,37,36,99,76,61,96,23,30,75,91,34,49,22,15,79,19,31,81,80,86,32,69,90,21,28,57,7
46,51,20,47,55,88,85,25,6,65,92,16,3,70,83,35,39,74,66,77,5,53,97,94,18,12,93,71,52,60,62,26,8,0,40,44,9,58,11,95,56,14,63,78,68,38,67,59,27,29,45,4,64,72,98,42,33,50,82,84,48,17,13,89,1,73,43,10,41,54,87,24,2,37,36,99,76,61,96,23,30,75,91,34,49,22,15,79,19,31,81,80,86,32,69,90,21,28,57,7
46,51,20,47,55,88,85,25,6,65,92,16,3,70,83,35,39,74,66,77,5,53,97,94,18,12,93,71,52,60,62,26,8,0,40,44,9,58,11,95,56,14,63,78,68,38,67,59,27,29,45,4,64,72,98,42,33,50,82,84,48,17,13,89,1,73,43,10,41,54,87,24,2,37,36,99,76,61,96,23,30,75,91,34,49,22,15,79,19,31,81,80,86,32,69,90,21,28,57,7
46,51,20,47,55,88,85,25,6,65,92,16,3,70,83,35,39,74,66,77,5,53,97,94,18,12,93,71,52,60,62,26,8,0,40,44,9,58,11,95,56,14,63,78,68,38,67,59,27,29,45,4,64,72,98,42,33,50,82,84,48,17,13,89,1,73,43,10,41,54,87,24,2,37,36,99,76,61,96,23,30,75,91,34,49,22,15,79,19,31,81,80,86,32,69,90,21,28,57,7
46,51,20,47,55,88,85,25,6,65,92,16,3,70,83,35,39,74,66,77,5,53,97,94,18,12,93,71,52,60,62,26,8,0,40,44,9,58,11,95,56,14,63,78,68,38,67,59,27,29,45,4,64,72,98,42,33,50,82,84,48,17,13,89,1,73,43,10,41,54,87,24,2,37,36,99,76,61,96,23,30,75,91,34,49,22,15,79,19,31,81,80,86,32,69,90,21,28,57,7
46,51,20,47,55,88,85,25,6,65,92,16,3,70,83,35,39,74,66,77,5,53,97,94,18,12,93,71,52,60,62,26,8,0,40,44,9,58,11,95,56,14,63,78,68,38,67,59,27,29,45,4,64,72,98,42,33,50,82,84,48,17,13,89,1,73,43,10,41,54,87,24,2,37,36,99,76,61,96,23,30,75,91,34,49,22,15,79,19,31,81,80,86,32,69,90,21,28,57,7
46,51,20,47,55,88,85,25,6,65,92,16,3,70,83,35,39,74,66,77,5,53,97,94,18,12,93,71,52,60,62,26,8,0,40,44,9,58,11,95,56,14,63,78,68,38,67,59,27,29,45,4,64,72,98,42,33,50,82,84,48,17,13,89,1,73,43,10,41,54,87,24,2,37,36,99,76,61,96,23,30,75,91,34,49,22,15,79,19,31,81,80,86,32,69,90,21,28,57,7
46,51,20,47,55,88,85,25,6,65,92,16,3,70,83,35,39,74,66,77,5,53,97,94,18,12,93,71,52,60,62,26,8,0,40,44,9,58,11,95,56,14,63,78,68,38,67,59,27,29,45,4,64,72,98,42,33,50,82,84,48,17,13,89,1,73,43,10,41,54,87,24,2,37,36,99,76,61,96,23,30,75,91,34,49,22,15,79,19,31,81,80,86,32,69,90,21,28,57,7
46,51,20,47,55,88,85,25,6,65,92,16,3,70,83,35,39,74,66,77,5,53,97,94,18,12,93,71,52,60,62,26,8,0,40,44,9,58,11,95,56,14,63,78,68,38,67,59,27,29,45,4,64,72,98,42,33,50,82,84,48,17,13,89,1,73,43,10,41,54,87,24,2,37,36,99,76,61,96,23,30,75,91,34,49,22,15,79,19,31,81,80,86,32,69,90,21,28,57,7
46,51,20,47,55,88,85,25,6,65,92,16,3,70,83,35,39,74,66,77,5,53,97,94,18,12,93,71,52,60,62,26,8,0,40,44,9,58,11,95,56,14,63,78,68,38,67,59,27,29,45,4,64,72,98,42,33,50,82,84,48,17,13,89,1,73,43,10,41,54,87,24,2,37,36,99,76,61,96,23,30,75,91,34,49,22,15,79,19,31,81,80,86,32,69,90,21,28,57,7
46,51,20,47,55,88,85,25,6,65,92,16,3,70,83,35,39,74,66,77,5,53,97,94,18,12,93,71,52,60,62,26,8,0,40,44,9,58,11,95,56,14,63,78,68,38,67,59,27,29,45,4,64,72,98,42,33,50,82,84,48,17,13,89,1,73,43,10,41,54,87,24,2,37,36,99,76,61,96,23,30,75,91,34,49,22,15,79,19,31,81,80,86,32,69,90,21,28,57,7
46,51,20,47,55,88,85,25,6,65,92,16,3,70,83,35,39,74,66,77,5,53,97,94,18,12,93,71,52,60,62,26,8,0,40,44,9,58,11,95,56,14,63,78,68,38,67,59,27,29,45,4,64,72,98,42,33,50,82,84,48,17,13,89,1,73,43,10,41,54,87,24,2,37,36,99,76,61,96,23,30,75,91,34,49,22,15,79,19,31,81,80,86,32,69,90,21,28,57,7
46,51,20,47,55,88,85,25,6,65,92,16,3,70,83,35,39,74,66,77,5,53,97,94,18,12,93,71,52,60,62,26,8,0,40,44,9,58,11,95,56,14,63,78,68,38,67,59,27,29,45,4,64,72,98,42,33,50,82,84,48,17,13,89,1,73,43,10,41,54,87,24,2,37,36,99,76,61,96,23,30,75,91,34,49,22,15,79,19,31,81,80,86,32,69,90,21,28,57,7
46,51,20,47,55,88,85,25,6,65,92,16,3,70,83,35,39,74,66,77,5,53,97,94,18,12,93,71,52,60,62,26,8,0,40,44,9,58,11,95,56,14,63,78,68,38,67,59,27,29,45,4,64,72,98,42,33,50,82,84,48,17,13,89,1,73,43,10,41,54,87,24,2,37,36,99,76,61,96,23,30,75,91,34,49,22,15,79,19,31,81,80,86,32,69,90,21,28,57,7
46,51,20,47,55,88,85,25,6,65,92,16,3,70,83,35,39,74,66,77,5,53,97,94,18,12,93,71,52,60,62,26,8,0,40,44,9,58,11,95,56,14,63,78,68,38,67,59,27,29,45,4,64,72,98,42,33,50,82,84,48,17,13,89,1,73,43,10,41,54,87,24,2,37,36,99,76,61,96,23,30,75,91,34,49,22,15,79,19,31,81,80,86,32,69,90,21,28,57,7
46,51,20,47,55,88,85,25,6,65,92,16,3,70,83,35,39,74,66,77,5,53,97,94,18,12,93,71,52,60,62,26,8,0,40,44,9,58,11,95,56,14,63,78,68,38,67,59,27,29,45,4,64,72,98,42,33,50,82,84,48,17,13,89,1,73,43,10,41,54,87,24,2,37,36,99,76,61,96,23,30,75,91,34,49,22,15,79,19,31,81,80,86,32,69,90,21,28,57,7
46,51,20,47,55,88,85,25,6,65,92,16,3,70,83,35,39,74,66,77,5,53,97,94,18,12,93,71,52,60,62,26,8,0,40,44,9,58,11,95,56,14,63,78,68,38,67,59,27,29,45,4,64,72,98,42,33,50,82,84,48,17,13,89,1,73,43,10,41,54,87,24,2,37,36,99,76,61,96,23,30,75,91,34,49,22,15,79,19,31,81,80,86,32,69,90,21,28,57,7
46,51,20,47,55,88,85,25,6,65,92,16,3,70,83,35,39,74,66,77,5,53,97,94,18,12,93,71,52,60,62,26,8,0,40,44,9,58,11,95,56,14,63,78,68,38,67,59,27,29,45,4,64,72,98,42,33,50,82,84,48,17,13,89,1,73,43,10,41,54,87,24,2,37,36,99,76,61,96,23,30,75,91,34,49,22,15,79,19,31,81,80,86,32,69,90,21,28,57,7
46,51,20,47,55,88,85,25,6,65,92,16,3,70,83,35,39,74,66,77,5,53,97,94,18,12,93,71,52,60,62,26,8,0,40,44,9,58,11,95,56,14,63,78,68,38,67,59,27,29,45,4,64,72,98,42,33,50,82,84,48,17,13,89,1,73,43,10,41,54,87,24,2,37,36,99,76,61,96,23,30,75,91,34,49,22,15,79,19,31,81,80,86,32,69,90,21,28,57,7
46,51,20,47,55,88,85,25,6,65,92,16,3,70,83,35,39,74,66,77,5,53,97,94,18,12,93,71,52,60,62,26,8,0,40,44,9,58,11,95,56,14,63,78,68,38,67,59,27,29,45,4,64,72,98,42,33,50,82,84,48,17,13,89,1,73,43,10,41,54,87,24,2,37,36,99,76,61,96,23,30,75,91,34,49,22,15,79,19,31,81,80,86,32,69,90,21,28,57,7
46,51,20,47,55,88,85,25,6,65,92,16,3,70,83,35,39,74,66,77,5,53,97,94,18,12,93,71,52,60,62,26,8,0,40,44,9,58,11,95,56,14,63,78,68,38,67,59,27,29,45,4,64,72,98,42,33,50,82,84,48,17,13,89,1,73,43,10,41,54,87,24,2,37,36,99,76,61,96,23,30,75,91,34,49,22,15,79,19,31,81,80,86,32,69,90,21,28,57,7
46,51,20,47,55,88,85,25,6,65,92,16,3,70,83,35,39,74,66,77,5,53,97,94,18,12,93,71,52,60,62,26,8,0,40,44,9,58,11,95,56,14,63,78,68,38,67,59,27,29,45,4,64,72,98,42,33,50,82,84,48,17,13,89,1,73,43,10,41,54,87,24,2,37,36,99,76,61,96,23,30,75,91,34,49,22,15,79,19,31,81,80,86,32,69,90,21,28,57,7
46,51,20,47,55,88,85,25,6,65,92,16,3,70,83,35,39,74,66,77,5,53,97,94,18,12,93,71,52,60,62,26,8,0,40,44,9,58,11,95,56,14,63,78,68,38,67,59,27,29,45,4,64,72,98,42,33,50,82,84,48,17,13,89,1,73,43,10,41,54,87,24,2,37,36,99,76,61,96,23,30,75,91,34,49,22,15,79,19,31,81,80,86,32,69,90,21,28,57,7
46,51,20,47,55,88,85,25,6,65,92,16,3,70,83,35,39,74,66,77,5,53,97,94,18,12,93,71,52,60,62,26,8,0,40,44,9,58,11,95,56,14,63,78,68,38,67,59,27,29,45,4,64,72,98,42,33,50,82,84,48,17,13,89,1,73,43,10,41,54,87,24,2,37,36,99,76,61,96,23,30,75,91,34,49,22,15,79,19,31,81,80,86,32,69,90,21,28,57,7
46,51,20,47,55,88,85,25,6,65,92,16,3,70,83,35,39,74,66,77,5,53,97,94,18,12,93,71,52,60,62,26,8,0,40,44,9,58,11,95,56,14,63,78,68,38,67,59,27,29,45,4,64,72,98,42,33,50,82,84,48,17,13,89,1,73,43,10,41,54,87,24,2,37,36,99,76,61,96,23,30,75,91,34,49,22,15,79,19,31,81,80,86,32,69,90,21,28,57,7
46,51,20,47,55,88,85,25,6,65,92,16,3,70,83,35,39,74,66,77,5,53,97,94,18,12,93,71,52,60,62,26,8,0,40,44,9,58,11,95,56,14,63,78,68,38,67,59,27,29,45,4,64,72,98,42,33,50,82,84,48,17,13,89,1,73,43,10,41,54,87,24,2,37,36,99,76,61,96,23,30,75,91,34,49,22,15,79,19,31,81,80,86,32,69,90,21,28,57,7
46,51,20,47,55,88,85,25,6,65,92,16,3,70,83,35,39,74,66,77,5,53,97,94,18,12,93,71,52,60,62,26,8,0,40,44,9,58,11,95,56,14,63,78,68,38,67,59,27,29,45,4,64,72,98,42,33,50,82,84,48,17,13,89,1,73,43,10,41,54,87,24,2,37,36,99,76,61,96,23,30,75,91,34,49,22,15,79,19,31,81,80,86,32,69,90,21,28,57,7
46,51,20,47,55,88,85,25,6,65,92,16,3,70,83,35,39,74,66,77,5,53,97,94,18,12,93,71,52,60,62,26,8,0,40,44,9,58,11,95,56,14,63,78,68,38,67,59,27,29,45,4,64,72,98,42,33,50,82,84,48,17,13,89,1,73,43,10,41,54,87,24,2,37,36,99,76,61,96,23,30,75,91,34,49,22,15,79,19,31,81,80,86,32,69,90,21,28,57,7
46,51,20,47,55,88,85,25,6,65,92,16,3,70,83,35,39,74,66,77,5,53,97,94,18,12,93,71,52,60,62,26,8,0,40,44,9,58,11,95,56,14,63,78,68,38,67,59,27,29,45,4,64,72,98,42,33,50,82,84,48,17,13,89,1,73,43,10,41,54,87,24,2,37,36,99,76,61,96,23,30,75,91,34,49,22,15,79,19,31,81,80,86,32,69,90,21,28,57,7
46,51,20,47,55,88,85,25,6,65,92,16,3,70,83,35,39,74,66,77,5,53,97,94,18,12,93,71,52,60,62,26,8,0,40,44,9,58,11,95,56,14,63,78,68,38,67,59,27,29,45,4,64,72,98,42,33,50,82,84,48,17,13,89,1,73,43,10,41,54,87,24,2,37,36,99,76,61,96,23,30,75,91,34,49,22,15,79,19,31,81,80,86,32,69,90,21,28,57,7
46,51,20,47,55,88,85,25,6,65,92,16,3,70,83,35,39,74,66,77,5,53,97,94,18,12,93,71,52,60,62,26,8,0,40,44,9,58,11,95,56,14,63,78,68,38,67,59,27,29,45,4,64,72,98,42,33,50,82,84,48,17,13,89,1,73,43,10,41,54,87,24,2,37,36,99,76,61,96,23,30,75,91,34,49,22,15,79,19,31,81,80,86,32,69,90,21,28,57,7
46,51,20,47,55,88,85,25,6,65,92,16,3,70,83,35,39,74,66,77,5,53,97,94,18,12,93,71,52,60,62,26,8,0,40,44,9,58,11,95,56,14,63,78,68,38,67,59,27,29,45,4,64,72,98,42,33,50,82,84,48,17,13,89,1,73,43,10,41,54,87,24,2,37,36,99,76,61,96,23,30,75,91,34,49,22,15,79,19,31,81,80,86,32,69,90,21,28,57,7
46,51,20,47,55,88,85,25,6,65,92,16,3,70,83,35,39,74,66,77,5,53,97,94,18,12,93,71,52,60,62,26,8,0,40,44,9,58,11,95,56,14,63,78,68,38,67,59,27,29,45,4,64,72,98,42,33,50,82,84,48,17,13,89,1,73,43,10,41,54,87,24,2,37,36,99,76,61,96,23,30,75,91,34,49,22,15,79,19,31,81,80,86,32,69,90,21,28,57,7
46,51,20,47,55,88,85,25,6,65,92,16,3,70,83,35,39,74,66,77,5,53,97,94,18,12,93,71,52,60,62,26,8,0,40,44,9,58,11,95,56,14,63,78,68,38,67,59,27,29,45,4,64,72,98,42,33,50,82,84,48,17,13,89,1,73,43,10,41,54,87,24,2,37,36,99,76,61,96,23,30,75,91,34,49,22,15,79,19,31,81,80,86,32,69,90,21,28,57,7
46,51,20,47,55,88,85,25,6,65,92,16,3,70,83,35,39,74,66,77,5,53,97,94,18,12,93,71,52,60,62,26,8,0,40,44,9,58,11,95,56,14,63,78,68,38,67,59,27,29,45,4,64,72,98,42,33,50,82,84,48,17,13,89,1,73,43,10,41,54,87,24,2,37,36,99,76,61,96,23,30,75,91,34,49,22,15,79,19,31,81,80,86,32,69,90,21,28,57,7
46,51,20,47,55,88,85,25,6,65,92,16,3,70,83,35,39,74,66,77,5,53,97,94,18,12,93,71,52,60,62,26,8,0,40,44,9,58,11,95,56,14,63,78,68,38,67,59,27,29,45,4,64,72,98,42,33,50,82,84,48,17,13,89,1,73,43,10,41,54,87,24,2,37,36,99,76,61,96,23,30,75,91,34,49,22,15,79,19,31,81,80,86,32,69,90,21,28,57,7
46,51,20,47,55,88,85,25,6,65,92,16,3,70,83,35,39,74,66,77,5,53,97,94,18,12,93,71,52,60,62,26,8,0,40,44,9,58,11,95,56,14,63,78,68,38,67,59,27,29,45,4,64,72,98,42,33,50,82,84,48,17,13,89,1,73,43,10,41,54,87,24,2,37,36,99,76,61,96,23,30,75,91,34,49,22,15,79,19,31,81,80,86,32,69,90,21,28,57,7
46,51,20,47,55,88,85,25,6,65,92,16,3,70,83,35,39,74,66,77,5,53,97,94,18,12,93,71,52,60,62,26,8,0,40,44,9,58,11,95,56,14,63,78,68,38,67,59,27,29,45,4,64,72,98,42,33,50,82,84,48,17,13,89,1,73,43,10,41,54,87,24,2,37,36,99,76,61,96,23,30,75,91,34,49,22,15,79,19,31,81,80,86,32,69,90,21,28,57,7
46,51,20,47,55,88,85,25,6,65,92,16,3,70,83,35,39,74,66,77,5,53,97,94,18,12,93,71,52,60,62,26,8,0,40,44,9,58,11,95,56,14,63,78,68,38,67,59,27,29,45,4,64,72,98,42,33,50,82,84,48,17,13,89,1,73,43,10,41,54,87,24,2,37,36,99,76,61,96,23,30,75,91,34,49,22,15,79,19,31,81,80,86,32,69,90,21,28,57,7
46,51,20,47,55,88,85,25,6,65,92,16,3,70,83,35,39,74,66,77,5,53,97,94,18,12,93,71,52,60,62,26,8,0,40,44,9,58,11,95,56,14,63,78,68,38,67,59,27,29,45,4,64,72,98,42,33,50,82,84,48,17,13,89,1,73,43,10,41,54,87,24,2,37,36,99,76,61,96,23,30,75,91,34,49,22,15,79,19,31,81,80,86,32,69,90,21,28,57,7
46,51,20,47,55,88,85,25,6,65,92,16,3,70,83,35,39,74,66,77,5,53,97,94,18,12,93,71,52,60,62,26,8,0,40,44,9,58,11,95,56,14,63,78,68,38,67,59,27,29,45,4,64,72,98,42,33,50,82,84,48,17,13,89,1,73,43,10,41,54,87,24,2,37,36,99,76,61,96,23,30,75,91,34,49,22,15,79,19,31,81,80,86,32,69,90,21,28,57,7
46,51,20,47,55,88,85,25,6,65,92,16,3,70,83,35,39,74,66,77,5,53,97,94,18,12,93,71,52,60,62,26,8,0,40,44,9,58,11,95,56,14,63,78,68,38,67,59,27,29,45,4,64,72,98,42,33,50,82,84,48,17,13,89,1,73,43,10,41,54,87,24,2,37,36,99,76,61,96,23,30,75,91,34,49,22,15,79,19,31,81,80,86,32,69,90,21,28,57,7
46,51,20,47,55,88,85,25,6,65,92,16,3,70,83,35,39,74,66,77,5,53,97,94,18,12,93,71,52,60,62,26,8,0,40,44,9,58,11,95,56,14,63,78,68,38,67,59,27,29,45,4,64,72,98,42,33,50,82,84,48,17,13,89,1,73,43,10,41,54,87,24,2,37,36,99,76,61,96,23,30,75,91,34,49,22,15,79,19,31,81,80,86,32,69,90,21,28,57,7
46,51,20,47,55,88,85,25,6,65,92,16,3,70,83,35,39,74,66,77,5,53,97,94,18,12,93,71,52,60,62,26,8,0,40,44,9,58,11,95,56,14,63,78,68,38,67,59,27,29,45,4,64,72,98,42,33,50,82,84,48,17,13,89,1,73,43,10,41,54,87,24,2,37,36,99,76,61,96,23,30,75,91,34,49,22,15,79,19,31,81,80,86,32,69,90,21,28,57,7
46,51,20,47,55,88,85,25,6,65,92,16,3,70,83,35,39,74,66,77,5,53,97,94,18,12,93,71,52,60,62,26,8,0,40,44,9,58,11,95,56,14,63,78,68,38,67,59,27,29,45,4,64,72,98,42,33,50,82,84,48,17,13,89,1,73,43,10,41,54,87,24,2,37,36,99,76,61,96,23,30,75,91,34,49,22,15,79,19,31,81,80,86,32,69,90,21,28,57,7
46,51,20,47,55,88,85,25,6,65,92,16,3,70,83,35,39,74,66,77,5,53,97,94,18,12,93,71,52,60,62,26,8,0,40,44,9,58,11,95,56,14,63,78,68,38,67,59,27,29,45,4,64,72,98,42,33,50,82,84,48,17,13,89,1,73,43,10,41,54,87,24,2,37,36,99,76,61,96,23,30,75,91,34,49,22,15,79,19,31,81,80,86,32,69,90,21,28,57,7
46,51,20,47,55,88,85,25,6,65,92,16,3,70,83,35,39,74,66,77,5,53,97,94,18,12,93,71,52,60,62,26,8,0,40,44,9,58,11,95,56,14,63,78,68,38,67,59,27,29,45,4,64,72,98,42,33,50,82,84,48,17,13,89,1,73,43,10,41,54,87,24,2,37,36,99,76,61,96,23,30,75,91,34,49,22,15,79,19,31,81,80,86,32,69,90,21,28,57,7
46,51,20,47,55,88,85,25,6,65,92,16,3,70,83,35,39,74,66,77,5,53,97,94,18,12,93,71,52,60,62,26,8,0,40,44,9,58,11,95,56,14,63,78,68,38,67,59,27,29,45,4,64,72,98,42,33,50,82,84,48,17,13,89,1,73,43,10,41,54,87,24,2,37,36,99,76,61,96,23,30,75,91,34,49,22,15,79,19,31,81,80,86,32,69,90,21,28,57,7
46,51,20,47,55,88,85,25,6,65,92,16,3,70,83,35,39,74,66,77,5,53,97,94,18,12,93,71,52,60,62,26,8,0,40,44,9,58,11,95,56,14,63,78,68,38,67,59,27,29,45,4,64,72,98,42,33,50,82,84,48,17,13,89,1,73,43,10,41,54,87,24,2,37,36,99,76,61,96,23,30,75,91,34,49,22,15,79,19,31,81,80,86,32,69,90,21,28,57,7
46,51,20,47,55,88,85,25,6,65,92,16,3,70,83,35,39,74,66,77,5,53,97,94,18,12,93,71,52,60,62,26,8,0,40,44,9,58,11,95,56,14,63,78,68,38,67,59,27,29,45,4,64,72,98,42,33,50,82,84,48,17,13,89,1,73,43,10,41,54,87,24,2,37,36,99,76,61,96,23,30,75,91,34,49,22,15,79,19,31,81,80,86,32,69,90,21,28,57,7
46,51,20,47,55,88,85,25,6,65,92,16,3,70,83,35,39,74,66,77,5,53,97,94,18,12,93,71,52,60,62,26,8,0,40,44,9,58,11,95,56,14,63,78,68,38,67,59,27,29,45,4,64,72,98,42,33,50,82,84,48,17,13,89,1,73,43,10,41,54,87,24,2,37,36,99,76,61,96,23,30,75,91,34,49,22,15,79,19,31,81,80,86,32,69,90,21,28,57,7
46,51,20,47,55,88,85,25,6,65,92,16,3,70,83,35,39,74,66,77,5,53,97,94,18,12,93,71,52,60,62,26,8,0,40,44,9,58,11,95,56,14,63,78,68,38,67,59,27,29,45,4,64,72,98,42,33,50,82,84,48,17,13,89,1,73,43,10,41,54,87,24,2,37,36,99,76,61,96,23,30,75,91,34,49,22,15,79,19,31,81,80,86,32,69,90,21,28,57,7
46,51,20,47,55,88,85,25,6,65,92,16,3,70,83,35,39,74,66,77,5,53,97,94,18,12,93,71,52,60,62,26,8,0,40,44,9,58,11,95,56,14,63,78,68,38,67,59,27,29,45,4,64,72,98,42,33,50,82,84,48,17,13,89,1,73,43,10,41,54,87,24,2,37,36,99,76,61,96,23,30,75,91,34,49,22,15,79,19,31,81,80,86,32,69,90,21,28,57,7
46,51,20,47,55,88,85,25,6,65,92,16,3,70,83,35,39,74,66,77,5,53,97,94,18,12,93,71,52,60,62,26,8,0,40,44,9,58,11,95,56,14,63,78,68,38,67,59,27,29,45,4,64,72,98,42,33,50,82,84,48,17,13,89,1,73,43,10,41,54,87,24,2,37,36,99,76,61,96,23,30,75,91,34,49,22,15,79,19,31,81,80,86,32,69,90,21,28,57,7
46,51,20,47,55,88,85,25,6,65,92,16,3,70,83,35,39,74,66,77,5,53,97,94,18,12,93,71,52,60,62,26,8,0,40,44,9,58,11,95,56,14,63,78,68,38,67,59,27,29,45,4,64,72,98,42,33,50,82,84,48,17,13,89,1,73,43,10,41,54,87,24,2,37,36,99,76,61,96,23,30,75,91,34,49,22,15,79,19,31,81,80,86,32,69,90,21,28,57,7
46,51,20,47,55,88,85,25,6,65,92,16,3,70,83,35,39,74,66,77,5,53,97,94,18,12,93,71,52,60,62,26,8,0,40,44,9,58,11,95,56,14,63,78,68,38,67,59,27,29,45,4,64,72,98,42,33,50,82,84,48,17,13,89,1,73,43,10,41,54,87,24,2,37,36,99,76,61,96,23,30,75,91,34,49,22,15,79,19,31,81,80,86,32,69,90,21,28,57,7
46,51,20,47,55,88,85,25,6,65,92,16,3,70,83,35,39,74,66,77,5,53,97,94,18,12,93,71,52,60,62,26,8,0,40,44,9,58,11,95,56,14,63,78,68,38,67,59,27,29,45,4,64,72,98,42,33,50,82,84,48,17,13,89,1,73,43,10,41,54,87,24,2,37,36,99,76,61,96,23,30,75,91,34,49,22,15,79,19,31,81,80,86,32,69,90,21,28,57,7
46,51,20,47,55,88,85,25,6,65,92,16,3,70,83,35,39,74,66,77,5,53,97,94,18,12,93,71,52,60,62,26,8,0,40,44,9,58,11,95,56,14,63,78,68,38,67,59,27,29,45,4,64,72,98,42,33,50,82,84,48,17,13,89,1,73,43,10,41,54,87,24,2,37,36,99,76,61,96,23,30,75,91,34,49,22,15,79,19,31,81,80,86,32,69,90,21,28,57,7
46,51,20,47,55,88,85,25,6,65,92,16,3,70,83,35,39,74,66,77,5,53,97,94,18,12,93,71,52,60,62,26,8,0,40,44,9,58,11,95,56,14,63,78,68,38,67,59,27,29,45,4,64,72,98,42,33,50,82,84,48,17,13,89,1,73,43,10,41,54,87,24,2,37,36,99,76,61,96,23,30,75,91,34,49,22,15,79,19,31,81,80,86,32,69,90,21,28,57,7
46,51,20,47,55,88,85,25,6,65,92,16,3,70,83,35,39,74,66,77,5,53,97,94,18,12,93,71,52,60,62,26,8,0,40,44,9,58,11,95,56,14,63,78,68,38,67,59,27,29,45,4,64,72,98,42,33,50,82,84,48,17,13,89,1,73,43,10,41,54,87,24,2,37,36,99,76,61,96,23,30,75,91,34,49,22,15,79,19,31,81,80,86,32,69,90,21,28,57,7
46,51,20,47,55,88,85,25,6,65,92,16,3,70,83,35,39,74,66,77,5,53,97,94,18,12,93,71,52,60,62,26,8,0,40,44,9,58,11,95,56,14,63,78,68,38,67,59,27,29,45,4,64,72,98,42,33,50,82,84,48,17,13,89,1,73,43,10,41,54,87,24,2,37,36,99,76,61,96,23,30,75,91,34,49,22,15,79,19,31,81,80,86,32,69,90,21,28,57,7
46,51,20,47,55,88,85,25,6,65,92,16,3,70,83,35,39,74,66,77,5,53,97,94,18,12,93,71,52,60,62,26,8,0,40,44,9,58,11,95,56,14,63,78,68,38,67,59,27,29,45,4,64,72,98,42,33,50,82,84,48,17,13,89,1,73,43,10,41,54,87,24,2,37,36,99,76,61,96,23,30,75,91,34,49,22,15,79,19,31,81,80,86,32,69,90,21,28,57,7
46,51,20,47,55,88,85,25,6,65,92,16,3,70,83,35,39,74,66,77,5,53,97,94,18,12,93,71,52,60,62,26,8,0,40,44,9,58,11,95,56,14,63,78,68,38,67,59,27,29,45,4,64,72,98,42,33,50,82,84,48,17,13,89,1,73,43,10,41,54,87,24,2,37,36,99,76,61,96,23,30,75,91,34,49,22,15,79,19,31,81,80,86,32,69,90,21,28,57,7
46,51,20,47,55,88,85,25,6,65,92,16,3,70,83,35,39,74,66,77,5,53,97,94,18,12,93,71,52,60,62,26,8,0,40,44,9,58,11,95,56,14,63,78,68,38,67,59,27,29,45,4,64,72,98,42,33,50,82,84,48,17,13,89,1,73,43,10,41,54,87,24,2,37,36,99,76,61,96,23,30,75,91,34,49,22,15,79,19,31,81,80,86,32,69,90,21,28,57,7
46,51,20,47,55,88,85,25,6,65,92,16,3,70,83,35,39,74,66,77,5,53,97,94,18,12,93,71,52,60,62,26,8,0,40,44,9,58,11,95,56,14,63,78,68,38,67,59,27,29,45,4,64,72,98,42,33,50,82,84,48,17,13,89,1,73,43,10,41,54,87,24,2,37,36,99,76,61,96,23,30,75,91,34,49,22,15,79,19,31,81,80,86,32,69,90,21,28,57,7
46,51,20,47,55,88,85,25,6,65,92,16,3,70,83,35,39,74,66,77,5,53,97,94,18,12,93,71,52,60,62,26,8,0,40,44,9,58,11,95,56,14,63,78,68,38,67,59,27,29,45,4,64,72,98,42,33,50,82,84,48,17,13,89,1,73,43,10,41,54,87,24,2,37,36,99,76,61,96,23,30,75,91,34,49,22,15,79,19,31,81,80,86,32,69,90,21,28,57,7
46,51,20,47,55,88,85,25,6,65,92,16,3,70,83,35,39,74,66,77,5,53,97,94,18,12,93,71,52,60,62,26,8,0,40,44,9,58,11,95,56,14,63,78,68,38,67,59,27,29,45,4,64,72,98,42,33,50,82,84,48,17,13,89,1,73,43,10,41,54,87,24,2,37,36,99,76,61,96,23,30,75,91,34,49,22,15,79,19,31,81,80,86,32,69,90,21,28,57,7
46,51,20,47,55,88,85,25,6,65,92,16,3,70,83,35,39,74,66,77,5,53,97,94,18,12,93,71,52,60,62,26,8,0,40,44,9,58,11,95,56,14,63,78,68,38,67,59,27,29,45,4,64,72,98,42,33,50,82,84,48,17,13,89,1,73,43,10,41,54,87,24,2,37,36,99,76,61,96,23,30,75,91,34,49,22,15,79,19,31,81,80,86,32,69,90,21,28,57,7
46,51,20,47,55,88,85,25,6,65,92,16,3,70,83,35,39,74,66,77,5,53,97,94,18,12,93,71,52,60,62,26,8,0,40,44,9,58,11,95,56,14,63,78,68,38,67,59,27,29,45,4,64,72,98,42,33,50,82,84,48,17,13,89,1,73,43,10,41,54,87,24,2,37,36,99,76,61,96,23,30,75,91,34,49,22,15,79,19,31,81,80,86,32,69,90,21,28,57,7
46,51,20,47,55,88,85,25,6,65,92,16,3,70,83,35,39,74,66,77,5,53,97,94,18,12,93,71,52,60,62,26,8,0,40,44,9,58,11,95,56,14,63,78,68,38,67,59,27,29,45,4,64,72,98,42,33,50,82,84,48,17,13,89,1,73,43,10,41,54,87,24,2,37,36,99,76,61,96,23,30,75,91,34,49,22,15,79,19,31,81,80,86,32,69,90,21,28,57,7
