46,36
51,81
20,88
47,90
55,96
88,41
85,22
25,1
6,7
65,38
92,20
16,0
3,47
70,94
83,87
35,14
39,34
74,2
66,4
77,74
5,21
53,50
97,77
94,86
18,82
12,13
93,27
71,61
52,43
60,91
62,49
26,5
8,84
0,83
40,92
44,32
9,39
58,6
11,63
95,33
56,24
14,37
63,54
78,67
68,55
38,76
67,97
59,70
27,18
29,73
45,29
4,69
64,10
72,35
98,79
42,98
33,9
50,16
82,17
84,64
48,75
17,99
13,48
89,53
1,80
73,52
43,62
10,57
41,11
54,71
87,26
24,8
2,56
37,68
36,42
99,15
76,72
61,58
96,31
23,44
30,66
75,46
91,78
34,25
49,59
22,45
15,23
79,30
19,28
31,95
81,3
80,12
86,51
32,65
69,60
90,19
21,93
28,40
57,89
7,85