100
36,81,88,90,96,41,22,1,7,38,20,0,47,94,87,14,34,2,4,74,21,50,77,86,82,13,27,61,43,91,49,5,84,83,92,32,39,6,63,33,24,37,54,67,55,76,97,70,18,73,29,69,10,35,79,98,9,16,17,64,75,99,48,53,80,52,62,57,11,71,26,8,56,68,42,15,72,58,31,44,66,46,78,25,59,45,23,30,28,95,3,12,51,65,60,19,93,40,89,85
36,81,88,90,96,41,22,1,7,38,20,0,47,94,87,14,34,2,4,74,21,50,77,86,82,13,27,61,43,91,49,5,84,83,92,32,39,6,63,33,24,37,54,67,55,76,97,70,18,73,29,69,10,35,79,98,9,16,17,64,75,99,48,53,80,52,62,57,11,71,26,8,56,68,42,15,72,58,31,44,66,46,78,25,59,45,23,30,28,95,3,12,51,65,60,19,93,40,89,85
36,81,88,90,96,41,22,1,7,38,20,0,47,94,87,14,34,2,4,74,21,50,77,86,82,13,27,61,43,91,49,5,84,83,92,32,39,6,63,33,24,37,54,67,55,76,97,70,18,73,29,69,10,35,79,98,9,16,17,64,75,99,48,53,80,52,62,57,11,71,26,8,56,68,42,15,72,58,31,44,66,46,78,25,59,45,23,30,28,95,3,12,51,65,60,19,93,40,89,85
36,81,88,90,96,41,22,1,7,38,20,0,47,94,87,14,34,2,4,74,21,50,77,86,82,13,27,61,43,91,49,5,84,83,92,32,39,6,63,33,24,37,54,67,55,76,97,70,18,73,29,69,10,35,79,98,9,16,17,64,75,99,48,53,80,52,62,57,11,71,26,8,56,68,42,15,72,58,31,44,66,46,78,25,59,45,23,30,28,95,3,12,51,65,60,19,93,40,89,85
36,81,88,90,96,41,22,1,7,38,20,0,47,94,87,14,34,2,4,74,21,50,77,86,82,13,27,61,43,91,49,5,84,83,92,32,39,6,63,33,24,37,54,67,55,76,97,70,18,73,29,69,10,35,79,98,9,16,17,64,75,99,48,53,80,52,62,57,11,71,26,8,56,68,42,15,72,58,31,44,66,46,78,25,59,45,23,30,28,95,3,12,51,65,60,19,93,40,89,85
36,81,88,90,96,41,22,1,7,38,20,0,47,94,87,14,34,2,4,74,21,50,77,86,82,13,27,61,43,91,49,5,84,83,92,32,39,6,63,33,24,37,54,67,55,76,97,70,18,73,29,69,10,35,79,98,9,16,17,64,75,99,48,53,80,52,62,57,11,71,26,8,56,68,42,15,72,58,31,44,66,46,78,25,59,45,23,30,28,95,3,12,51,65,60,19,93,40,89,85
36,81,88,90,96,41,22,1,7,38,20,0,47,94,87,14,34,2,4,74,21,50,77,86,82,13,27,61,43,91,49,5,84,83,92,32,39,6,63,33,24,37,54,67,55,76,97,70,18,73,29,69,10,35,79,98,9,16,17,64,75,99,48,53,80,52,62,57,11,71,26,8,56,68,42,15,72,58,31,44,66,46,78,25,59,45,23,30,28,95,3,12,51,65,60,19,93,40,89,85
36,81,88,90,96,41,22,1,7,38,20,0,47,94,87,14,34,2,4,74,21,50,77,86,82,13,27,61,43,91,49,5,84,83,92,32,39,6,63,33,24,37,54,67,55,76,97,70,18,73,29,69,10,35,79,98,9,16,17,64,75,99,48,53,80,52,62,57,11,71,26,8,56,68,42,15,72,58,31,44,66,46,78,25,59,45,23,30,28,95,3,12,51,65,60,19,93,40,89,85
36,81,88,90,96,41,22,1,7,38,20,0,47,94,87,14,34,2,4,74,21,50,77,86,82,13,27,61,43,91,49,5,84,83,92,32,39,6,63,33,24,37,54,67,55,76,97,70,18,73,29,69,10,35,79,98,9,16,17,64,75,99,48,53,80,52,62,57,11,71,26,8,56,68,42,15,72,58,31,44,66,46,78,25,59,45,23,30,28,95,3,12,51,65,60,19,93,40,89,85
36,81,88,90,96,41,22,1,7,38,20,0,47,94,87,14,34,2,4,74,21,50,77,86,82,13,27,61,43,91,49,5,84,83,92,32,39,6,63,33,24,37,54,67,55,76,97,70,18,73,29,69,10,35,79,98,9,16,17,64,75,99,48,53,80,52,62,57,11,71,26,8,56,68,42,15,72,58,31,44,66,46,78,25,59,45,23,30,28,95,3,12,51,65,60,19,93,40,89,85
36,81,88,90,96,41,22,1,7,38,20,0,47,94,87,14,34,2,4,74,21,50,77,86,82,13,27,61,43,91,49,5,84,83,92,32,39,6,63,33,24,37,54,67,55,76,97,70,18,73,29,69,10,35,79,98,9,16,17,64,75,99,48,53,80,52,62,57,11,71,26,8,56,68,42,15,72,58,31,44,66,46,78,25,59,45,23,30,28,95,3,12,51,65,60,19,93,40,89,85
36,81,88,90,96,41,22,1,7,38,20,0,47,94,87,14,34,2,4,74,21,50,77,86,82,13,27,61,43,91,49,5,84,83,92,32,39,6,63,33,24,37,54,67,55,76,97,70,18,73,29,69,10,35,79,98,9,16,17,64,75,99,48,53,80,52,62,57,11,71,26,8,56,68,42,15,72,58,31,44,66,46,78,25,59,45,23,30,28,95,3,12,51,65,60,19,93,40,89,85
36,81,88,90,96,41,22,1,7,38,20,0,47,94,87,14,34,2,4,74,21,50,77,86,82,13,27,61,43,91,49,5,84,83,92,32,39,6,63,33,24,37,54,67,55,76,97,70,18,73,29,69,10,35,79,98,9,16,17,64,75,99,48,53,80,52,62,57,11,71,26,8,56,68,42,15,72,58,31,44,66,46,78,25,59,45,23,30,28,95,3,12,51,65,60,19,93,40,89,85
36,81,88,90,96,41,22,1,7,38,20,0,47,94,87,14,34,2,4,74,21,50,77,86,82,13,27,61,43,91,49,5,84,83,92,32,39,6,63,33,24,37,54,67,55,76,97,70,18,73,29,69,10,35,79,98,9,16,17,64,75,99,48,53,80,52,62,57,11,71,26,8,56,68,42,15,72,58,31,44,66,46,78,25,59,45,23,30,28,95,3,12,51,65,60,19,93,40,89,85
36,81,88,90,96,41,22,1,7,38,20,0,47,94,87,14,34,2,4,74,21,50,77,86,82,13,27,61,43,91,49,5,84,83,92,32,39,6,63,33,24,37,54,67,55,76,97,70,18,73,29,69,10,35,79,98,9,16,17,64,75,99,48,53,80,52,62,57,11,71,26,8,56,68,42,15,72,58,31,44,66,46,78,25,59,45,23,30,28,95,3,12,51,65,60,19,93,40,89,85
36,81,88,90,96,41,22,1,7,38,20,0,47,94,87,14,34,2,4,74,21,50,77,86,82,13,27,61,43,91,49,5,84,83,92,32,39,6,63,33,24,37,54,67,55,76,97,70,18,73,29,69,10,35,79,98,9,16,17,64,75,99,48,53,80,52,62,57,11,71,26,8,56,68,42,15,72,58,31,44,66,46,78,25,59,45,23,30,28,95,3,12,51,65,60,19,93,40,89,85
36,81,88,90,96,41,22,1,7,38,20,0,47,94,87,14,34,2,4,74,21,50,77,86,82,13,27,61,43,91,49,5,84,83,92,32,39,6,63,33,24,37,54,67,55,76,97,70,18,73,29,69,10,35,79,98,9,16,17,64,75,99,48,53,80,52,62,57,11,71,26,8,56,68,42,15,72,58,31,44,66,46,78,25,59,45,23,30,28,95,3,12,51,65,60,19,93,40,89,85
36,81,88,90,96,41,22,1,7,38,20,0,47,94,87,14,34,2,4,74,21,50,77,86,82,13,27,61,43,91,49,5,84,83,92,32,39,6,63,33,24,37,54,67,55,76,97,70,18,73,29,69,10,35,79,98,9,16,17,64,75,99,48,53,80,52,62,57,11,71,26,8,56,68,42,15,72,58,31,44,66,46,78,25,59,45,23,30,28,95,3,12,51,65,60,19,93,40,89,85
36,81,88,90,96,41,22,1,7,38,20,0,47,94,87,14,34,2,4,74,21,50,77,86,82,13,27,61,43,91,49,5,84,83,92,32,39,6,63,33,24,37,54,67,55,76,97,70,18,73,29,69,10,35,79,98,9,16,17,64,75,99,48,53,80,52,62,57,11,71,26,8,56,68,42,15,72,58,31,44,66,46,78,25,59,45,23,30,28,95,3,12,51,65,60,19,93,40,89,85
36,81,88,90,96,41,22,1,7,38,20,0,47,94,87,14,34,2,4,74,21,50,77,86,82,13,27,61,43,91,49,5,84,83,92,32,39,6,63,33,24,37,54,67,55,76,97,70,18,73,29,69,10,35,79,98,9,16,17,64,75,99,48,53,80,52,62,57,11,71,26,8,56,68,42,15,72,58,31,44,66,46,78,25,59,45,23,30,28,95,3,12,51,65,60,19,93,40,89,85
36,81,88,90,96,41,22,1,7,38,20,0,47,94,87,14,34,2,4,74,21,50,77,86,82,13,27,61,43,91,49,5,84,83,92,32,39,6,63,33,24,37,54,67,55,76,97,70,18,73,29,69,10,35,79,98,9,16,17,64,75,99,48,53,80,52,62,57,11,71,26,8,56,68,42,15,72,58,31,44,66,46,78,25,59,45,23,30,28,95,3,12,51,65,60,19,93,40,89,85
36,81,88,90,96,41,22,1,7,38,20,0,47,94,87,14,34,2,4,74,21,50,77,86,82,13,27,61,43,91,49,5,84,83,92,32,39,6,63,33,24,37,54,67,55,76,97,70,18,73,29,69,10,35,79,98,9,16,17,64,75,99,48,53,80,52,62,57,11,71,26,8,56,68,42,15,72,58,31,44,66,46,78,25,59,45,23,30,28,95,3,12,51,65,60,19,93,40,89,85
36,81,88,90,96,41,22,1,7,38,20,0,47,94,87,14,34,2,4,74,21,50,77,86,82,13,27,61,43,91,49,5,84,83,92,32,39,6,63,33,24,37,54,67,55,76,97,70,18,73,29,69,10,35,79,98,9,16,17,64,75,99,48,53,80,52,62,57,11,71,26,8,56,68,42,15,72,58,31,44,66,46,78,25,59,45,23,30,28,95,3,12,51,65,60,19,93,40,89,85
36,81,88,90,96,41,22,1,7,38,20,0,47,94,87,14,34,2,4,74,21,50,77,86,82,13,27,61,43,91,49,5,84,83,92,32,39,6,63,33,24,37,54,67,55,76,97,70,18,73,29,69,10,35,79,98,9,16,17,64,75,99,48,53,80,52,62,57,11,71,26,8,56,68,42,15,72,58,31,44,66,46,78,25,59,45,23,30,28,95,3,12,51,65,60,19,93,40,89,85
36,81,88,90,96,41,22,1,7,38,20,0,47,94,87,14,34,2,4,74,21,50,77,86,82,13,27,61,43,91,49,5,84,83,92,32,39,6,63,33,24,37,54,67,55,76,97,70,18,73,29,69,10,35,79,98,9,16,17,64,75,99,48,53,80,52,62,57,11,71,26,8,56,68,42,15,72,58,31,44,66,46,78,25,59,45,23,30,28,95,3,12,51,65,60,19,93,40,89,85
36,81,88,90,96,41,22,1,7,38,20,0,47,94,87,14,34,2,4,74,21,50,77,86,82,13,27,61,43,91,49,5,84,83,92,32,39,6,63,33,24,37,54,67,55,76,97,70,18,73,29,69,10,35,79,98,9,16,17,64,75,99,48,53,80,52,62,57,11,71,26,8,56,68,42,15,72,58,31,44,66,46,78,25,59,45,23,30,28,95,3,12,51,65,60,19,93,40,89,85
36,81,88,90,96,41,22,1,7,38,20,0,47,94,87,14,34,2,4,74,21,50,77,86,82,13,27,61,43,91,49,5,84,83,92,32,39,6,63,33,24,37,54,67,55,76,97,70,18,73,29,69,10,35,79,98,9,16,17,64,75,99,48,53,80,52,62,57,11,71,26,8,56,68,42,15,72,58,31,44,66,46,78,25,59,45,23,30,28,95,3,12,51,65,60,19,93,40,89,85
36,81,88,90,96,41,22,1,7,38,20,0,47,94,87,14,34,2,4,74,21,50,77,86,82,13,27,61,43,91,49,5,84,83,92,32,39,6,63,33,24,37,54,67,55,76,97,70,18,73,29,69,10,35,79,98,9,16,17,64,75,99,48,53,80,52,62,57,11,71,26,8,56,68,42,15,72,58,31,44,66,46,78,25,59,45,23,30,28,95,3,12,51,65,60,19,93,40,89,85
36,81,88,90,96,41,22,1,7,38,20,0,47,94,87,14,34,2,4,74,21,50,77,86,82,13,27,61,43,91,49,5,84,83,92,32,39,6,63,33,24,37,54,67,55,76,97,70,18,73,29,69,10,35,79,98,9,16,17,64,75,99,48,53,80,52,62,57,11,71,26,8,56,68,42,15,72,58,31,44,66,46,78,25,59,45,23,30,28,95,3,12,51,65,60,19,93,40,89,85
36,81,88,90,96,41,22,1,7,38,20,0,47,94,87,14,34,2,4,74,21,50,77,86,82,13,27,61,43,91,49,5,84,83,92,32,39,6,63,33,24,37,54,67,55,76,97,70,18,73,29,69,10,35,79,98,9,16,17,64,75,99,48,53,80,52,62,57,11,71,26,8,56,68,42,15,72,58,31,44,66,46,78,25,59,45,23,30,28,95,3,12,51,65,60,19,93,40,89,85
36,81,88,90,96,41,22,1,7,38,20,0,47,94,87,14,34,2,4,74,21,50,77,86,82,13,27,61,43,91,49,5,84,83,92,32,39,6,63,33,24,37,54,67,55,76,97,70,18,73,29,69,10,35,79,98,9,16,17,64,75,99,48,53,80,52,62,57,11,71,26,8,56,68,42,15,72,58,31,44,66,46,78,25,59,45,23,30,28,95,3,12,51,65,60,19,93,40,89,85
36,81,88,90,96,41,22,1,7,38,20,0,47,94,87,14,34,2,4,74,21,50,77,86,82,13,27,61,43,91,49,5,84,83,92,32,39,6,63,33,24,37,54,67,55,76,97,70,18,73,29,69,10,35,79,98,9,16,17,64,75,99,48,53,80,52,62,57,11,71,26,8,56,68,42,15,72,58,31,44,66,46,78,25,59,45,23,30,28,95,3,12,51,65,60,19,93,40,89,85
36,81,88,90,96,41,22,1,7,38,20,0,47,94,87,14,34,2,4,74,21,50,77,86,82,13,27,61,43,91,49,5,84,83,92,32,39,6,63,33,24,37,54,67,55,76,97,70,18,73,29,69,10,35,79,98,9,16,17,64,75,99,48,53,80,52,62,57,11,71,26,8,56,68,42,15,72,58,31,44,66,46,78,25,59,45,23,30,28,95,3,12,51,65,60,19,93,40,89,85
36,81,88,90,96,41,22,1,7,38,20,0,47,94,87,14,34,2,4,74,21,50,77,86,82,13,27,61,43,91,49,5,84,83,92,32,39,6,63,33,24,37,54,67,55,76,97,70,18,73,29,69,10,35,79,98,9,16,17,64,75,99,48,53,80,52,62,57,11,71,26,8,56,68,42,15,72,58,31,44,66,46,78,25,59,45,23,30,28,95,3,12,51,65,60,19,93,40,89,85
36,81,88,90,96,41,22,1,7,38,20,0,47,94,87,14,34,2,4,74,21,50,77,86,82,13,27,61,43,91,49,5,84,83,92,32,39,6,63,33,24,37,54,67,55,76,97,70,18,73,29,69,10,35,79,98,9,16,17,64,75,99,48,53,80,52,62,57,11,71,26,8,56,68,42,15,72,58,31,44,66,46,78,25,59,45,23,30,28,95,3,12,51,65,60,19,93,40,89,85
36,81,88,90,96,41,22,1,7,38,20,0,47,94,87,14,34,2,4,74,21,50,77,86,82,13,27,61,43,91,49,5,84,83,92,32,39,6,63,33,24,37,54,67,55,76,97,70,18,73,29,69,10,35,79,98,9,16,17,64,75,99,48,53,80,52,62,57,11,71,26,8,56,68,42,15,72,58,31,44,66,46,78,25,59,45,23,30,28,95,3,12,51,65,60,19,93,40,89,85
36,81,88,90,96,41,22,1,7,38,20,0,47,94,87,14,34,2,4,74,21,50,77,86,82,13,27,61,43,91,49,5,84,83,92,32,39,6,63,33,24,37,54,67,55,76,97,70,18,73,29,69,10,35,79,98,9,16,17,64,75,99,48,53,80,52,62,57,11,71,26,8,56,68,42,15,72,58,31,44,66,46,78,25,59,45,23,30,28,95,3,12,51,65,60,19,93,40,89,85
36,81,88,90,96,41,22,1,7,38,20,0,47,94,87,14,34,2,4,74,21,50,77,86,82,13,27,61,43,91,49,5,84,83,92,32,39,6,63,33,24,37,54,67,55,76,97,70,18,73,29,69,10,35,79,98,9,16,17,64,75,99,48,53,80,52,62,57,11,71,26,8,56,68,42,15,72,58,31,44,66,46,78,25,59,45,23,30,28,95,3,12,51,65,60,19,93,40,89,85
36,81,88,90,96,41,22,1,7,38,20,0,47,94,87,14,34,2,4,74,21,50,77,86,82,13,27,61,43,91,49,5,84,83,92,32,39,6,63,33,24,37,54,67,55,76,97,70,18,73,29,69,10,35,79,98,9,16,17,64,75,99,48,53,80,52,62,57,11,71,26,8,56,68,42,15,72,58,31,44,66,46,78,25,59,45,23,30,28,95,3,12,51,65,60,19,93,40,89,85
36,81,88,90,96,41,22,1,7,38,20,0,47,94,87,14,34,2,4,74,21,50,77,86,82,13,27,61,43,91,49,5,84,83,92,32,39,6,63,33,24,37,54,67,55,76,97,70,18,73,29,69,10,35,79,98,9,16,17,64,75,99,48,53,80,52,62,57,11,71,26,8,56,68,42,15,72,58,31,44,66,46,78,25,59,45,23,30,28,95,3,12,51,65,60,19,93,40,89,85
36,81,88,90,96,41,22,1,7,38,20,0,47,94,87,14,34,2,4,74,21,50,77,86,82,13,27,61,43,91,49,5,84,83,92,32,39,6,63,33,24,37,54,67,55,76,97,70,18,73,29,69,10,35,79,98,9,16,17,64,75,99,48,53,80,52,62,57,11,71,26,8,56,68,42,15,72,58,31,44,66,46,78,25,59,45,23,30,28,95,3,12,51,65,60,19,93,40,89,85
36,81,88,90,96,41,22,1,7,38,20,0,47,94,87,14,34,2,4,74,21,50,77,86,82,13,27,61,43,91,49,5,84,83,92,32,39,6,63,33,24,37,54,67,55,76,97,70,18,73,29,69,10,35,79,98,9,16,17,64,75,99,48,53,80,52,62,57,11,71,26,8,56,68,42,15,72,58,31,44,66,46,78,25,59,45,23,30,28,95,3,12,51,65,60,19,93,40,89,85
36,81,88,90,96,41,22,1,7,38,20,0,47,94,87,14,34,2,4,74,21,50,77,86,82,13,27,61,43,91,49,5,84,83,92,32,39,6,63,33,24,37,54,67,55,76,97,70,18,73,29,69,10,35,79,98,9,16,17,64,75,99,48,53,80,52,62,57,11,71,26,8,56,68,42,15,72,58,31,44,66,46,78,25,59,45,23,30,28,95,3,12,51,65,60,19,93,40,89,85
36,81,88,90,96,41,22,1,7,38,20,0,47,94,87,14,34,2,4,74,21,50,77,86,82,13,27,61,43,91,49,5,84,83,92,32,39,6,63,33,24,37,54,67,55,76,97,70,18,73,29,69,10,35,79,98,9,16,17,64,75,99,48,53,80,52,62,57,11,71,26,8,56,68,42,15,72,58,31,44,66,46,78,25,59,45,23,30,28,95,3,12,51,65,60,19,93,40,89,85
36,81,88,90,96,41,22,1,7,38,20,0,47,94,87,14,34,2,4,74,21,50,77,86,82,13,27,61,43,91,49,5,84,83,92,32,39,6,63,33,24,37,54,67,55,76,97,70,18,73,29,69,10,35,79,98,9,16,17,64,75,99,48,53,80,52,62,57,11,71,26,8,56,68,42,15,72,58,31,44,66,46,78,25,59,45,23,30,28,95,3,12,51,65,60,19,93,40,89,85
36,81,88,90,96,41,22,1,7,38,20,0,47,94,87,14,34,2,4,74,21,50,77,86,82,13,27,61,43,91,49,5,84,83,92,32,39,6,63,33,24,37,54,67,55,76,97,70,18,73,29,69,10,35,79,98,9,16,17,64,75,99,48,53,80,52,62,57,11,71,26,8,56,68,42,15,72,58,31,44,66,46,78,25,59,45,23,30,28,95,3,12,51,65,60,19,93,40,89,85
36,81,88,90,96,41,22,1,7,38,20,0,47,94,87,14,34,2,4,74,21,50,77,86,82,13,27,61,43,91,49,5,84,83,92,32,39,6,63,33,24,37,54,67,55,76,97,70,18,73,29,69,10,35,79,98,9,16,17,64,75,99,48,53,80,52,62,57,11,71,26,8,56,68,42,15,72,58,31,44,66,46,78,25,59,45,23,30,28,95,3,12,51,65,60,19,93,40,89,85
36,81,88,90,96,41,22,1,7,38,20,0,47,94,87,14,34,2,4,74,21,50,77,86,82,13,27,61,43,91,49,5,84,83,92,32,39,6,63,33,24,37,54,67,55,76,97,70,18,73,29,69,10,35,79,98,9,16,17,64,75,99,48,53,80,52,62,57,11,71,26,8,56,68,42,15,72,58,31,44,66,46,78,25,59,45,23,30,28,95,3,12,51,65,60,19,93,40,89,85
36,81,88,90,96,41,22,1,7,38,20,0,47,94,87,14,34,2,4,74,21,50,77,86,82,13,27,61,43,91,49,5,84,83,92,32,39,6,63,33,24,37,54,67,55,76,97,70,18,73,29,69,10,35,79,98,9,16,17,64,75,99,48,53,80,52,62,57,11,71,26,8,56,68,42,15,72,58,31,44,66,46,78,25,59,45,23,30,28,95,3,12,51,65,60,19,93,40,89,85
36,81,88,90,96,41,22,1,7,38,20,0,47,94,87,14,34,2,4,74,21,50,77,86,82,13,27,61,43,91,49,5,84,83,92,32,39,6,63,33,24,37,54,67,55,76,97,70,18,73,29,69,10,35,79,98,9,16,17,64,75,99,48,53,80,52,62,57,11,71,26,8,56,68,42,15,72,58,31,44,66,46,78,25,59,45,23,30,28,95,3,12,51,65,60,19,93,40,89,85
36,81,88,90,96,41,22,1,7,38,20,0,47,94,87,14,34,2,4,74,21,50,77,86,82,13,27,61,43,91,49,5,84,83,92,32,39,6,63,33,24,37,54,67,55,76,97,70,18,73,29,69,10,35,79,98,9,16,17,64,75,99,48,53,80,52,62,57,11,71,26,8,56,68,42,15,72,58,31,44,66,46,78,25,59,45,23,30,28,95,3,12,51,65,60,19,93,40,89,85
36,81,88,90,96,41,22,1,7,38,20,0,47,94,87,14,34,2,4,74,21,50,77,86,82,13,27,61,43,91,49,5,84,83,92,32,39,6,63,33,24,37,54,67,55,76,97,70,18,73,29,69,10,35,79,98,9,16,17,64,75,99,48,53,80,52,62,57,11,71,26,8,56,68,42,15,72,58,31,44,66,46,78,25,59,45,23,30,28,95,3,12,51,65,60,19,93,40,89,85
36,81,88,90,96,41,22,1,7,38,20,0,47,94,87,14,34,2,4,74,21,50,77,86,82,13,27,61,43,91,49,5,84,83,92,32,39,6,63,33,24,37,54,67,55,76,97,70,18,73,29,69,10,35,79,98,9,16,17,64,75,99,48,53,80,52,62,57,11,71,26,8,56,68,42,15,72,58,31,44,66,46,78,25,59,45,23,30,28,95,3,12,51,65,60,19,93,40,89,85
36,81,88,90,96,41,22,1,7,38,20,0,47,94,87,14,34,2,4,74,21,50,77,86,82,13,27,61,43,91,49,5,84,83,92,32,39,6,63,33,24,37,54,67,55,76,97,70,18,73,29,69,10,35,79,98,9,16,17,64,75,99,48,53,80,52,62,57,11,71,26,8,56,68,42,15,72,58,31,44,66,46,78,25,59,45,23,30,28,95,3,12,51,65,60,19,93,40,89,85
36,81,88,90,96,41,22,1,7,38,20,0,47,94,87,14,34,2,4,74,21,50,77,86,82,13,27,61,43,91,49,5,84,83,92,32,39,6,63,33,24,37,54,67,55,76,97,70,18,73,29,69,10,35,79,98,9,16,17,64,75,99,48,53,80,52,62,57,11,71,26,8,56,68,42,15,72,58,31,44,66,46,78,25,59,45,23,30,28,95,3,12,51,65,60,19,93,40,89,85
36,81,88,90,96,41,22,1,7,38,20,0,47,94,87,14,34,2,4,74,21,50,77,86,82,13,27,61,43,91,49,5,84,83,92,32,39,6,63,33,24,37,54,67,55,76,97,70,18,73,29,69,10,35,79,98,9,16,17,64,75,99,48,53,80,52,62,57,11,71,26,8,56,68,42,15,72,58,31,44,66,46,78,25,59,45,23,30,28,95,3,12,51,65,60,19,93,40,89,85
36,81,88,90,96,41,22,1,7,38,20,0,47,94,87,14,34,2,4,74,21,50,77,86,82,13,27,61,43,91,49,5,84,83,92,32,39,6,63,33,24,37,54,67,55,76,97,70,18,73,29,69,10,35,79,98,9,16,17,64,75,99,48,53,80,52,62,57,11,71,26,8,56,68,42,15,72,58,31,44,66,46,78,25,59,45,23,30,28,95,3,12,51,65,60,19,93,40,89,85
36,81,88,90,96,41,22,1,7,38,20,0,47,94,87,14,34,2,4,74,21,50,77,86,82,13,27,61,43,91,49,5,84,83,92,32,39,6,63,33,24,37,54,67,55,76,97,70,18,73,29,69,10,35,79,98,9,16,17,64,75,99,48,53,80,52,62,57,11,71,26,8,56,68,42,15,72,58,31,44,66,46,78,25,59,45,23,30,28,95,3,12,51,65,60,19,93,40,89,85
36,81,88,90,96,41,22,1,7,38,20,0,47,94,87,14,34,2,4,74,21,50,77,86,82,13,27,61,43,91,49,5,84,83,92,32,39,6,63,33,24,37,54,67,55,76,97,70,18,73,29,69,10,35,79,98,9,16,17,64,75,99,48,53,80,52,62,57,11,71,26,8,56,68,42,15,72,58,31,44,66,46,78,25,59,45,23,30,28,95,3,12,51,65,60,19,93,40,89,85
36,81,88,90,96,41,22,1,7,38,20,0,47,94,87,14,34,2,4,74,21,50,77,86,82,13,27,61,43,91,49,5,84,83,92,32,39,6,63,33,24,37,54,67,55,76,97,70,18,73,29,69,10,35,79,98,9,16,17,64,75,99,48,53,80,52,62,57,11,71,26,8,56,68,42,15,72,58,31,44,66,46,78,25,59,45,23,30,28,95,3,12,51,65,60,19,93,40,89,85
36,81,88,90,96,41,22,1,7,38,20,0,47,94,87,14,34,2,4,74,21,50,77,86,82,13,27,61,43,91,49,5,84,83,92,32,39,6,63,33,24,37,54,67,55,76,97,70,18,73,29,69,10,35,79,98,9,16,17,64,75,99,48,53,80,52,62,57,11,71,26,8,56,68,42,15,72,58,31,44,66,46,78,25,59,45,23,30,28,95,3,12,51,65,60,19,93,40,89,85
36,81,88,90,96,41,22,1,7,38,20,0,47,94,87,14,34,2,4,74,21,50,77,86,82,13,27,61,43,91,49,5,84,83,92,32,39,6,63,33,24,37,54,67,55,76,97,70,18,73,29,69,10,35,79,98,9,16,17,64,75,99,48,53,80,52,62,57,11,71,26,8,56,68,42,15,72,58,31,44,66,46,78,25,59,45,23,30,28,95,3,12,51,65,60,19,93,40,89,85
36,81,88,90,96,41,22,1,7,38,20,0,47,94,87,14,34,2,4,74,21,50,77,86,82,13,27,61,43,91,49,5,84,83,92,32,39,6,63,33,24,37,54,67,55,76,97,70,18,73,29,69,10,35,79,98,9,16,17,64,75,99,48,53,80,52,62,57,11,71,26,8,56,68,42,15,72,58,31,44,66,46,78,25,59,45,23,30,28,95,3,12,51,65,60,19,93,40,89,85
36,81,88,90,96,41,22,1,7,38,20,0,47,94,87,14,34,2,4,74,21,50,77,86,82,13,27,61,43,91,49,5,84,83,92,32,39,6,63,33,24,37,54,67,55,76,97,70,18,73,29,69,10,35,79,98,9,16,17,64,75,99,48,53,80,52,62,57,11,71,26,8,56,68,42,15,72,58,31,44,66,46,78,25,59,45,23,30,28,95,3,12,51,65,60,19,93,40,89,85
36,81,88,90,96,41,22,1,7,38,20,0,47,94,87,14,34,2,4,74,21,50,77,86,82,13,27,61,43,91,49,5,84,83,92,32,39,6,63,33,24,37,54,67,55,76,97,70,18,73,29,69,10,35,79,98,9,16,17,64,75,99,48,53,80,52,62,57,11,71,26,8,56,68,42,15,72,58,31,44,66,46,78,25,59,45,23,30,28,95,3,12,51,65,60,19,93,40,89,85
36,81,88,90,96,41,22,1,7,38,20,0,47,94,87,14,34,2,4,74,21,50,77,86,82,13,27,61,43,91,49,5,84,83,92,32,39,6,63,33,24,37,54,67,55,76,97,70,18,73,29,69,10,35,79,98,9,16,17,64,75,99,48,53,80,52,62,57,11,71,26,8,56,68,42,15,72,58,31,44,66,46,78,25,59,45,23,30,28,95,3,12,51,65,60,19,93,40,89,85
36,81,88,90,96,41,22,1,7,38,20,0,47,94,87,14,34,2,4,74,21,50,77,86,82,13,27,61,43,91,49,5,84,83,92,32,39,6,63,33,24,37,54,67,55,76,97,70,18,73,29,69,10,35,79,98,9,16,17,64,75,99,48,53,80,52,62,57,11,71,26,8,56,68,42,15,72,58,31,44,66,46,78,25,59,45,23,30,28,95,3,12,51,65,60,19,93,40,89,85
36,81,88,90,96,41,22,1,7,38,20,0,47,94,87,14,34,2,4,74,21,50,77,86,82,13,27,61,43,91,49,5,84,83,92,32,39,6,63,33,24,37,54,67,55,76,97,70,18,73,29,69,10,35,79,98,9,16,17,64,75,99,48,53,80,52,62,57,11,71,26,8,56,68,42,15,72,58,31,44,66,46,78,25,59,45,23,30,28,95,3,12,51,65,60,19,93,40,89,85
36,81,88,90,96,41,22,1,7,38,20,0,47,94,87,14,34,2,4,74,21,50,77,86,82,13,27,61,43,91,49,5,84,83,92,32,39,6,63,33,24,37,54,67,55,76,97,70,18,73,29,69,10,35,79,98,9,16,17,64,75,99,48,53,80,52,62,57,11,71,26,8,56,68,42,15,72,58,31,44,66,46,78,25,59,45,23,30,28,95,3,12,51,65,60,19,93,40,89,85
36,81,88,90,96,41,22,1,7,38,20,0,47,94,87,14,34,2,4,74,21,50,77,86,82,13,27,61,43,91,49,5,84,83,92,32,39,6,63,33,24,37,54,67,55,76,97,70,18,73,29,69,10,35,79,98,9,16,17,64,75,99,48,53,80,52,62,57,11,71,26,8,56,68,42,15,72,58,31,44,66,46,78,25,59,45,23,30,28,95,3,12,51,65,60,19,93,40,89,85
36,81,88,90,96,41,22,1,7,38,20,0,47,94,87,14,34,2,4,74,21,50,77,86,82,13,27,61,43,91,49,5,84,83,92,32,39,6,63,33,24,37,54,67,55,76,97,70,18,73,29,69,10,35,79,98,9,16,17,64,75,99,48,53,80,52,62,57,11,71,26,8,56,68,42,15,72,58,31,44,66,46,78,25,59,45,23,30,28,95,3,12,51,65,60,19,93,40,89,85
36,81,88,90,96,41,22,1,7,38,20,0,47,94,87,14,34,2,4,74,21,50,77,86,82,13,27,61,43,91,49,5,84,83,92,32,39,6,63,33,24,37,54,67,55,76,97,70,18,73,29,69,10,35,79,98,9,16,17,64,75,99,48,53,80,52,62,57,11,71,26,8,56,68,42,15,72,58,31,44,66,46,78,25,59,45,23,30,28,95,3,12,51,65,60,19,93,40,89,85
36,81,88,90,96,41,22,1,7,38,20,0,47,94,87,14,34,2,4,74,21,50,77,86,82,13,27,61,43,91,49,5,84,83,92,32,39,6,63,33,24,37,54,67,55,76,97,70,18,73,29,69,10,35,79,98,9,16,17,64,75,99,48,53,80,52,62,57,11,71,26,8,56,68,42,15,72,58,31,44,66,46,78,25,59,45,23,30,28,95,3,12,51,65,60,19,93,40,89,85
36,81,88,90,96,41,22,1,7,38,20,0,47,94,87,14,34,2,4,74,21,50,77,86,82,13,27,61,43,91,49,5,84,83,92,32,39,6,63,33,24,37,54,67,55,76,97,70,18,73,29,69,10,35,79,98,9,16,17,64,75,99,48,53,80,52,62,57,11,71,26,8,56,68,42,15,72,58,31,44,66,46,78,25,59,45,23,30,28,95,3,12,51,65,60,19,93,40,89,85
36,81,88,90,96,41,22,1,7,38,20,0,47,94,87,14,34,2,4,74,21,50,77,86,82,13,27,61,43,91,49,5,84,83,92,32,39,6,63,33,24,37,54,67,55,76,97,70,18,73,29,69,10,35,79,98,9,16,17,64,75,99,48,53,80,52,62,57,11,71,26,8,56,68,42,15,72,58,31,44,66,46,78,25,59,45,23,30,28,95,3,12,51,65,60,19,93,40,89,85
36,81,88,90,96,41,22,1,7,38,20,0,47,94,87,14,34,2,4,74,21,50,77,86,82,13,27,61,43,91,49,5,84,83,92,32,39,6,63,33,24,37,54,67,55,76,97,70,18,73,29,69,10,35,79,98,9,16,17,64,75,99,48,53,80,52,62,57,11,71,26,8,56,68,42,15,72,58,31,44,66,46,78,25,59,45,23,30,28,95,3,12,51,65,60,19,93,40,89,85
36,81,88,90,96,41,22,1,7,38,20,0,47,94,87,14,34,2,4,74,21,50,77,86,82,13,27,61,43,91,49,5,84,83,92,32,39,6,63,33,24,37,54,67,55,76,97,70,18,73,29,69,10,35,79,98,9,16,17,64,75,99,48,53,80,52,62,57,11,71,26,8,56,68,42,15,72,58,31,44,66,46,78,25,59,45,23,30,28,95,3,12,51,65,60,19,93,40,89,85
36,81,88,90,96,41,22,1,7,38,20,0,47,94,87,14,34,2,4,74,21,50,77,86,82,13,27,61,43,91,49,5,84,83,92,32,39,6,63,33,24,37,54,67,55,76,97,70,18,73,29,69,10,35,79,98,9,16,17,64,75,99,48,53,80,52,62,57,11,71,26,8,56,68,42,15,72,58,31,44,66,46,78,25,59,45,23,30,28,95,3,12,51,65,60,19,93,40,89,85
36,81,88,90,96,41,22,1,7,38,20,0,47,94,87,14,34,2,4,74,21,50,77,86,82,13,27,61,43,91,49,5,84,83,92,32,39,6,63,33,24,37,54,67,55,76,97,70,18,73,29,69,10,35,79,98,9,16,17,64,75,99,48,53,80,52,62,57,11,71,26,8,56,68,42,15,72,58,31,44,66,46,78,25,59,45,23,30,28,95,3,12,51,65,60,19,93,40,89,85
36,81,88,90,96,41,22,1,7,38,20,0,47,94,87,14,34,2,4,74,21,50,77,86,82,13,27,61,43,91,49,5,84,83,92,32,39,6,63,33,24,37,54,67,55,76,97,70,18,73,29,69,10,35,79,98,9,16,17,64,75,99,48,53,80,52,62,57,11,71,26,8,56,68,42,15,72,58,31,44,66,46,78,25,59,45,23,30,28,95,3,12,51,65,60,19,93,40,89,85
36,81,88,90,96,41,22,1,7,38,20,0,47,94,87,14,34,2,4,74,21,50,77,86,82,13,27,61,43,91,49,5,84,83,92,32,39,6,63,33,24,37,54,67,55,76,97,70,18,73,29,69,10,35,79,98,9,16,17,64,75,99,48,53,80,52,62,57,11,71,26,8,56,68,42,15,72,58,31,44,66,46,78,25,59,45,23,30,28,95,3,12,51,65,60,19,93,40,89,85
36,81,88,90,96,41,22,1,7,38,20,0,47,94,87,14,34,2,4,74,21,50,77,86,82,13,27,61,43,91,49,5,84,83,92,32,39,6,63,33,24,37,54,67,55,76,97,70,18,73,29,69,10,35,79,98,9,16,17,64,75,99,48,53,80,52,62,57,11,71,26,8,56,68,42,15,72,58,31,44,66,46,78,25,59,45,23,30,28,95,3,12,51,65,60,19,93,40,89,85
36,81,88,90,96,41,22,1,7,38,20,0,47,94,87,14,34,2,4,74,21,50,77,86,82,13,27,61,43,91,49,5,84,83,92,32,39,6,63,33,24,37,54,67,55,76,97,70,18,73,29,69,10,35,79,98,9,16,17,64,75,99,48,53,80,52,62,57,11,71,26,8,56,68,42,15,72,58,31,44,66,46,78,25,59,45,23,30,28,95,3,12,51,65,60,19,93,40,89,85
36,81,88,90,96,41,22,1,7,38,20,0,47,94,87,14,34,2,4,74,21,50,77,86,82,13,27,61,43,91,49,5,84,83,92,32,39,6,63,33,24,37,54,67,55,76,97,70,18,73,29,69,10,35,79,98,9,16,17,64,75,99,48,53,80,52,62,57,11,71,26,8,56,68,42,15,72,58,31,44,66,46,78,25,59,45,23,30,28,95,3,12,51,65,60,19,93,40,89,85
36,81,88,90,96,41,22,1,7,38,20,0,47,94,87,14,34,2,4,74,21,50,77,86,82,13,27,61,43,91,49,5,84,83,92,32,39,6,63,33,24,37,54,67,55,76,97,70,18,73,29,69,10,35,79,98,9,16,17,64,75,99,48,53,80,52,62,57,11,71,26,8,56,68,42,15,72,58,31,44,66,46,78,25,59,45,23,30,28,95,3,12,51,65,60,19,93,40,89,85
36,81,88,90,96,41,22,1,7,38,20,0,47,94,87,14,34,2,4,74,21,50,77,86,82,13,27,61,43,91,49,5,84,83,92,32,39,6,63,33,24,37,54,67,55,76,97,70,18,73,29,69,10,35,79,98,9,16,17,64,75,99,48,53,80,52,62,57,11,71,26,8,56,68,42,15,72,58,31,44,66,46,78,25,59,45,23,30,28,95,3,12,51,65,60,19,93,40,89,85
36,81,88,90,96,41,22,1,7,38,20,0,47,94,87,14,34,2,4,74,21,50,77,86,82,13,27,61,43,91,49,5,84,83,92,32,39,6,63,33,24,37,54,67,55,76,97,70,18,73,29,69,10,35,79,98,9,16,17,64,75,99,48,53,80,52,62,57,11,71,26,8,56,68,42,15,72,58,31,44,66,46,78,25,59,45,23,30,28,95,3,12,51,65,60,19,93,40,89,85
36,81,88,90,96,41,22,1,7,38,20,0,47,94,87,14,34,2,4,74,21,50,77,86,82,13,27,61,43,91,49,5,84,83,92,32,39,6,63,33,24,37,54,67,55,76,97,70,18,73,29,69,10,35,79,98,9,16,17,64,75,99,48,53,80,52,62,57,11,71,26,8,56,68,42,15,72,58,31,44,66,46,78,25,59,45,23,30,28,95,3,12,51,65,60,19,93,40,89,85
36,81,88,90,96,41,22,1,7,38,20,0,47,94,87,14,34,2,4,74,21,50,77,86,82,13,27,61,43,91,49,5,84,83,92,32,39,6,63,33,24,37,54,67,55,76,97,70,18,73,29,69,10,35,79,98,9,16,17,64,75,99,48,53,80,52,62,57,11,71,26,8,56,68,42,15,72,58,31,44,66,46,78,25,59,45,23,30,28,95,3,12,51,65,60,19,93,40,89,85
36,81,88,90,96,41,22,1,7,38,20,0,47,94,87,14,34,2,4,74,21,50,77,86,82,13,27,61,43,91,49,5,84,83,92,32,39,6,63,33,24,37,54,67,55,76,97,70,18,73,29,69,10,35,79,98,9,16,17,64,75,99,48,53,80,52,62,57,11,71,26,8,56,68,42,15,72,58,31,44,66,46,78,25,59,45,23,30,28,95,3,12,51,65,60,19,93,40,89,85
36,81,88,90,96,41,22,1,7,38,20,0,47,94,87,14,34,2,4,74,21,50,77,86,82,13,27,61,43,91,49,5,84,83,92,32,39,6,63,33,24,37,54,67,55,76,97,70,18,73,29,69,10,35,79,98,9,16,17,64,75,99,48,53,80,52,62,57,11,71,26,8,56,68,42,15,72,58,31,44,66,46,78,25,59,45,23,30,28,95,3,12,51,65,60,19,93,40,89,85
36,81,88,90,96,41,22,1,7,38,20,0,47,94,87,14,34,2,4,74,21,50,77,86,82,13,27,61,43,91,49,5,84,83,92,32,39,6,63,33,24,37,54,67,55,76,97,70,18,73,29,69,10,35,79,98,9,16,17,64,75,99,48,53,80,52,62,57,11,71,26,8,56,68,42,15,72,58,31,44,66,46,78,25,59,45,23,30,28,95,3,12,51,65,60,19,93,40,89,85
36,81,88,90,96,41,22,1,7,38,20,0,47,94,87,14,34,2,4,74,21,50,77,86,82,13,27,61,43,91,49,5,84,83,92,32,39,6,63,33,24,37,54,67,55,76,97,70,18,73,29,69,10,35,79,98,9,16,17,64,75,99,48,53,80,52,62,57,11,71,26,8,56,68,42,15,72,58,31,44,66,46,78,25,59,45,23,30,28,95,3,12,51,65,60,19,93,40,89,85
36,81,88,90,96,41,22,1,7,38,20,0,47,94,87,14,34,2,4,74,21,50,77,86,82,13,27,61,43,91,49,5,84,83,92,32,39,6,63,33,24,37,54,67,55,76,97,70,18,73,29,69,10,35,79,98,9,16,17,64,75,99,48,53,80,52,62,57,11,71,26,8,56,68,42,15,72,58,31,44,66,46,78,25,59,45,23,30,28,95,3,12,51,65,60,19,93,40,89,85
36,81,88,90,96,41,22,1,7,38,20,0,47,94,87,14,34,2,4,74,21,50,77,86,82,13,27,61,43,91,49,5,84,83,92,32,39,6,63,33,24,37,54,67,55,76,97,70,18,73,29,69,10,35,79,98,9,16,17,64,75,99,48,53,80,52,62,57,11,71,26,8,56,68,42,15,72,58,31,44,66,46,78,25,59,45,23,30,28,95,3,12,51,65,60,19,93,40,89,85
36,81,88,90,96,41,22,1,7,38,20,0,47,94,87,14,34,2,4,74,21,50,77,86,82,13,27,61,43,91,49,5,84,83,92,32,39,6,63,33,24,37,54,67,55,76,97,70,18,73,29,69,10,35,79,98,9,16,17,64,75,99,48,53,80,52,62,57,11,71,26,8,56,68,42,15,72,58,31,44,66,46,78,25,59,45,23,30,28,95,3,12,51,65,60,19,93,40,89,85
36,81,88,90,96,41,22,1,7,38,20,0,47,94,87,14,34,2,4,74,21,50,77,86,82,13,27,61,43,91,49,5,84,83,92,32,39,6,63,33,24,37,54,67,55,76,97,70,18,73,29,69,10,35,79,98,9,16,17,64,75,99,48,53,80,52,62,57,11,71,26,8,56,68,42,15,72,58,31,44,66,46,78,25,59,45,23,30,28,95,3,12,51,65,60,19,93,40,89,85
36,81,88,90,96,41,22,1,7,38,20,0,47,94,87,14,34,2,4,74,21,50,77,86,82,13,27,61,43,91,49,5,84,83,92,32,39,6,63,33,24,37,54,67,55,76,97,70,18,73,29,69,10,35,79,98,9,16,17,64,75,99,48,53,80,52,62,57,11,71,26,8,56,68,42,15,72,58,31,44,66,46,78,25,59,45,23,30,28,95,3,12,51,65,60,19,93,40,89,85
36,81,88,90,96,41,22,1,7,38,20,0,47,94,87,14,34,2,4,74,21,50,77,86,82,13,27,61,43,91,49,5,84,83,92,32,39,6,63,33,24,37,54,67,55,76,97,70,18,73,29,69,10,35,79,98,9,16,17,64,75,99,48,53,80,52,62,57,11,71,26,8,56,68,42,15,72,58,31,44,66,46,78,25,59,45,23,30,28,95,3,12,51,65,60,19,93,40,89,85
36,81,88,90,96,41,22,1,7,38,20,0,47,94,87,14,34,2,4,74,21,50,77,86,82,13,27,61,43,91,49,5,84,83,92,32,39,6,63,33,24,37,54,67,55,76,97,70,18,73,29,69,10,35,79,98,9,16,17,64,75,99,48,53,80,52,62,57,11,71,26,8,56,68,42,15,72,58,31,44,66,46,78,25,59,45,23,30,28,95,3,12,51,65,60,19,93,40,89,85
