2935,896
1134,2109
55,586
1073,2344
480,572
1311,61
10,797
434,1185
1657,1692
707,568
1615,2331
1322,2979
1611,2809
2573,2629
2641,2377
1147,1616
885,2886
422,2190
2063,2401
2162,1744
2046,1784
1105,2353
743,2865
2009,995
2975,2590
390,323
1367,1374
2012,1455
1399,2577
2348,2502
624,2942
2183,1818
2330,2642
838,248
801,1500
559,27
2353,203
1280,2601
1481,2741
2054,649
1881,1510
1451,1901
1974,1384
2650,2776
2490,308
1774,1600
1825,2993
781,2963
815,1466
1618,2658
1710,2766
1782,2054
619,1009
1566,1738
2418,2782
1205,138
2320,2693
243,1980
2540,2694
121,1173
331,904
1457,2685
880,2226
1570,2500
1575,309
152,2239
1704,998
1271,620
397,922
1699,388
626,1195
1898,224
1114,1841
1160,2266
568,2335
794,2914
1924,2509
685,516
507,1060
2115,1991
671,2753
1673,1882
1784,1444
1340,1778
396,574
762,931
2521,890
1574,2350
1489,1504
389,2999
2515,1422
400,2423
865,1681
2883,1830
1922,1789
2743,2602
2327,2621
2114,2901
39,1454
2028,1832
157,2198
1269,471
429,1718
2143,1906
2993,905
1865,2248
1950,720
1189,1528
1965,959
2151,2550
1792,1035
471,2756
2829,2920
2545,1614
588,1453
2444,559
1835,2485
2279,1081
1984,2684
2061,902
2471,486
995,2767
435,368
1529,1072
106,1964
2227,1436
1891,2297
2999,1599
1448,482
303,246
2171,300
1901,2930
2315,190
1744,83
2732,2249
489,1178
874,2221
2722,1272
842,2216
533,2516
305,1342
702,236
2518,1318
504,892
250,2770
314,2358
2744,2259
2047,116
798,607
1942,1549
2983,1927
581,305
2825,1848
987,2460
2554,798
1707,2255
1422,1849
1381,2936
2763,1823
2492,1824
1919,1831
364,2736
2026,2318
244,2398
1538,2973
2538,2709
2644,1793
241,2037
1911,143
153,2995
2321,2922
1503,770
1563,2447
998,2201
1456,2215
2584,939
1293,1079
807,660
2760,556
147,1398
2872,1915
2290,2504
1407,1939
851,861
2805,446
1135,616
569,2725
1758,2419
363,2968
700,2966
2226,1276
1832,331
1890,1280
623,493
1747,2014
1321,1861
9,1268
2080,552
1159,2563
758,294
652,2446
1883,657
901,825
2398,1240
513,1696
11,1114
103,2589
1851,1808
1492,908
1360,863
2427,642
2631,101
962,715
339,2394
1607,1564
558,1693
1436,2619
1893,833
1146,2070
1653,806
774,1694
1552,941
64,2919
1695,2573
853,52
2715,1182
2211,1410
604,752
2304,2623
2357,2097
2686,2918
1287,2458
2132,2013
1361,146
498,2159
1826,1543
1435,193
1504,1407
318,1459
17,376
2898,324
1628,30
342,207
1926,2043
2332,2454
658,2595
2877,2559
2264,381
1091,2030
982,1360
405,1586
2846,1887
1171,2748
1039,1720
849,1304
2495,478
472,1475
2687,2760
2566,1998
600,1609
590,1743
2949,2928
2795,2356
2064,751
2488,2876
2068,337
117,75
598,290
372,747
237,512
1935,41
514,2134
470,1538
164,1862
2892,889
587,225
1773,2275
2948,1774
1267,2512
1720,1870
130,2943
1936,480
1471,741
2120,2436
936,1310
1123,866
2924,854
997,1630
2981,644
1286,805
1067,2828
1036,1772
2278,708
956,1146
324,2786
1132,788
1008,425
2776,461
1190,1802
850,2214
8,758
2972,2122
2807,245
2857,971
1392,1755
500,2657
2842,418
1761,1699
2868,1536
722,198
1816,989
976,1751
848,558
2814,2078
1754,946
1301,1724
2640,247
2088,1930
782,1742
1304,813
625,2213
2094,1815
2973,735
207,2564
2025,63
156,2501
2230,1710
1126,2792
2460,846
1985,1733
1938,2646
2544,970
448,1220
199,1597
1052,1232
2195,2431
2683,903
2089,2802
2271,1197
1805,619
564,1311
2216,1033
512,2981
1610,1047
797,2391
1663,1869
1884,2584
1491,2820
1315,1216
2914,2059
2905,515
2652,1864
29,2610
1970,1973
1252,2754
2523,2382
1319,1557
594,549
19,588
1235,1316
1413,723
2702,2103
1284,2834
220,2671
2006,578
1111,2345
2123,973
377,626
2666,1647
2531,2765
2918,1447
1847,2873
963,135
1237,1363
2273,2604
249,2581
2134,1043
2758,810
65,1385
505,2829
2372,2403
299,2149
2594,2893
2873,2946
1113,1495
54,2383
1277,1257
1521,285
1779,229
1031,1895
770,2182
1233,15
132,583
13,925
2616,820
1694,1683
676,128
506,1705
749,1981
2792,1894
1463,1289
43,477
687,2148
2479,1769
360,2793
467,2404
1586,1105
1090,2588
1763,1415
2602,681
1568,2347
2491,2167
993,2368
2338,1333
1378,1924
1511,872
2154,1028
1506,1419
2915,2283
546,2095
2780,2176
2639,1089
1075,1189
2823,2847
2422,1704
1470,877
1294,94
2613,2115
362,153
878,1946
2504,1050
2575,2330
2282,1812
440,816
2665,2281
672,718
423,2346
1683,1004
503,1225
341,139
757,930
2093,1120
666,2267
1437,1266
1403,661
2408,1780
2698,82
748,273
2103,2482
1856,826
1096,86
538,679
1397,2807
1743,965
958,821
383,2660
635,2670
571,2626
862,347
23,2238
2119,1968
2008,494
2096,740
913,1323
1128,330
1977,2565
1873,2362
638,2193
2625,2984
1454,847
698,2280
1108,974
699,343
1002,2338
1671,2800
775,2648
2904,901
2431,1702
85,1794
2034,2083
421,914
1523,97
808,2557
2323,1970
1734,58
2018,1375
2447,2574
2787,1015
2292,1969
1601,1294
1815,2659
2517,699
695,491
1665,1129
2669,1358
2308,533
315,677
1886,1251
179,1982
2552,1938
306,2334
2399,57
923,2104
1789,129
2944,1010
2677,2315
1246,802
1973,2632
2826,1620
2925,1972
790,1113
366,2547
1619,1462
921,837
2782,2726
462,2925
1405,1463
2365,746
2248,687
2007,430
2435,191
2286,2074
2822,24
1222,2102
2965,1768
180,881
508,11
201,587
1314,67
438,2789
1822,1445
1778,2301
2790,84
985,453
98,2567
602,1956
1158,537
694,2868
959,125
1215,1076
0,1898
952,196
977,1624
2775,963
1202,2241
2367,177
1608,636
768,212
717,2093
1225,1471
2952,1633
2083,2866
1624,1843
369,2769
2370,2314
1041,1191
1713,306
1309,1529
2240,252
495,5
2209,2444
1629,275
1564,2371
2231,2230
1560,1013
1698,1540
930,727
2897,2409
1613,2089
2205,2882
289,1488
813,1619
1892,819
750,1735
2276,980
20,1522
2107,2033
1240,2428
1508,467
2784,1986
494,2983
1622,1858
783,943
2589,262
1409,1176
2228,768
909,1000
1227,2937
2350,2056
2670,1214
791,839
2572,996
172,2932
541,2044
2429,2708
863,2526
1662,1451
552,304
1220,701
1015,258
2118,2599
1138,2529
1145,228
483,18
760,2944
1617,1811
595,391
1034,1613
1452,1437
521,427
1952,1631
2797,1516
2560,218
896,489
2218,2113
516,466
555,808
673,2615
386,775
2777,2815
864,2062
2847,969
2291,2142
617,882
2730,777
122,1006
834,1493
1207,256
2503,1511
2526,1091
2416,1561
2562,307
965,2996
1600,1996
2389,1023
1587,2862
1194,1712
224,1464
337,1350
964,2434
451,2084
2581,1519
1630,1247
1596,1383
2712,1314
1905,249
1689,72
2331,1136
368,2378
1350,1593
697,1042
1054,2130
1993,1154
1838,433
1917,2029
2742,1999
1539,195
1357,1820
1495,789
15,909
30,1932
2765,502
630,1119
701,2715
348,1660
1338,442
370,2794
1307,1371
858,1223
1633,2002
1733,2647
1877,1175
2716,2687
2023,2551
603,1603
2522,2019
2298,1649
2568,123
628,242
1446,20
1469,1673
307,2138
819,2841
2300,993
1646,1250
1153,1572
2347,2723
2146,2797
2849,2924
298,2027
102,1498
409,2957
912,2055
1351,2833
479,1285
2360,1423
733,918
2853,2430
895,525
703,958
302,867
301,1770
954,987
1204,396
2542,1741
338,2179
1788,836
2020,983
1908,1003
1760,2698
824,1312
1767,2530
1870,2355
204,100
2038,2728
928,1404
523,462
2799,1691
2050,312
111,1857
446,2985
1715,732
1477,707
1721,90
1184,2972
907,232
2543,314
1472,2260
35,1908
2217,1690
221,879
1986,1745
2246,2745
911,721
2489,2453
162,2934
464,1296
2682,2480
999,2196
2448,755
795,481
1278,1098
2672,497
136,233
2222,328
2959,332
1032,1206
2812,2759
476,811
755,2864
981,2518
2549,53
1094,1632
593,2989
656,2575
1795,2232
653,988
1445,1048
2937,167
1336,102
2174,2779
2801,1807
2116,1637
572,1070
2032,2388
1424,2140
636,2208
1676,96
131,771
416,675
1374,1611
2633,2813
692,2174
2439,2618
1536,2699
395,818
1245,1086
792,2668
2800,2039
1845,1651
1349,842
826,78
415,1134
1562,2679
1453,1602
1151,2156
2329,2418
804,1357
174,2737
2270,1914
1498,1286
2252,656
2318,1253
529,1703
2989,979
654,1760
2213,2810
1554,2247
484,1875
1557,1053
2971,844
112,448
1440,2974
2806,499
1266,1643
2388,1766
1664,1671
1210,48
2458,1172
776,1145
644,786
1526,2542
1355,2772
2386,1283
1326,2235
1272,14
2926,1934
2169,476
1829,2457
1037,2740
643,1686
2473,551
1932,2450
89,1547
1393,2396
1291,2397
2889,2257
1288,924
1063,1354
1801,651
2400,1051
1191,157
2621,1295
2414,2420
1914,781
104,2202
293,2780
1500,1935
1516,2650
2301,773
2555,2892
2045,1370
1208,1049
268,2494
2170,2294
1029,2075
1164,2264
2212,156
203,1219
1475,374
677,1851
1302,2295
1764,469
1101,2328
2410,544
2263,2935
1817,1717
2354,803
1906,1568
118,1122
1678,2664
869,2836
1384,403
1282,1325
2779,2028
82,1992
1655,2364
2168,1269
1966,783
1909,2379
2991,947
487,2917
816,28
1723,2839
787,22
191,608
92,355
1502,2714
1547,1657
2539,2324
2848,624
44,2497
1325,447
933,1661
2909,2144
2073,1995
2299,2791
1195,1753
1389,739
833,2380
2140,226
2377,385
219,1893
1920,2587
608,2424
259,2856
262,745
657,1002
766,667
2953,1252
1756,2692
2155,1727
2696,926
2745,542
1896,2662
2748,136
2764,1156
938,2718
2761,2576
1804,521
2961,452
2876,1331
2037,736
2202,2340
2735,1078
2788,278
1876,851
2443,1356
2619,277
428,2233
690,623
1418,1258
931,449
789,1351
2731,2614
357,50
2920,1465
2110,1978
1009,2160
1787,1928
2962,2325
2638,598
1482,897
2985,1679
1833,1481
823,631
2721,2228
639,296
2450,1243
1086,1570
2176,1618
1996,2194
696,1135
2255,1566
1614,647
326,2831
2850,672
2927,2635
1375,645
763,2206
2798,1303
1377,2245
2685,39
1162,1479
2834,356
1076,392
2456,1708
2689,678
2646,596
392,2539
2524,1169
150,103
2390,2020
2527,2732
2385,2929
2815,76
84,2041
1584,2270
2960,132
1573,402
361,1876
2958,804
458,2571
2749,940
1988,173
1667,214
2184,1732
1535,569
918,422
2574,2630
330,1546
2229,2357
601,1346
2268,954
2136,767
310,2173
1696,2438
403,2978
75,1018
1221,2455
22,1094
1401,1204
2415,2204
1200,111
1553,423
83,522
2420,1329
1182,536
1310,2088
2144,2466
1400,434
328,650
1026,99
663,1550
2681,463
2482,1945
551,929
2192,2476
1433,2373
2821,1850
525,93
457,1544
1967,2210
1605,2696
1414,912
1685,539
67,1833
532,1104
971,2307
408,2676
2351,1765
49,828
1913,181
582,2877
2832,2777
1485,1376
786,2498
1438,686
2305,2009
1251,2031
300,2025
994,1101
1497,2293
2328,1589
474,1530
1957,1007
108,913
2232,44
2590,2958
247,1159
28,2329
1530,1426
809,1839
1193,2053
126,2527
398,2624
80,2332
793,991
1188,1645
2931,284
2378,2597
1066,561
753,2285
1387,986
611,1373
1079,490
2382,749
1281,366
943,865
2234,1567
621,1355
1571,1960
746,1349
1644,1241
2187,344
1250,1527
2762,1634
1776,2413
2894,2863
2077,668
2203,722
1726,1496
531,1878
1762,2889
2697,479
526,2336
817,932
375,894
1479,1490
77,2381
2011,2910
2752,1361
1461,46
1582,1993
1697,1210
2412,2697
1229,1801
431,2316
2031,1879
1203,1822
1394,2823
820,1638
1115,933
2148,2683
509,1979
661,2337
2766,261
2257,2666
2010,2738
890,2990
1426,2611
2139,2549
1625,2468
2441,2477
419,1829
1691,1335
2940,1457
2069,417
1895,145
1814,2359
524,383
1065,709
2994,1008
1348,1319
882,2323
277,2057
309,1230
1929,1096
425,1248
177,239
2071,579
66,316
1083,2757
1478,2824
2928,697
1345,2045
1201,1917
1228,2246
2596,2592
2180,2751
2818,117
2529,1320
1722,795
1467,2321
4,2652
2334,1449
27,2369
948,1264
737,155
2128,2286
2406,2883
2493,2090
788,790
2725,2838
2000,2244
2511,1029
1640,627
57,1330
518,594
1476,34
1118,2552
2380,1797
1595,464
32,1754
502,934
1861,2612
475,585
1016,729
420,348
2215,441
1616,2998
2434,66
2620,1291
231,1685
553,2298
1675,1124
1687,1601
922,1148
46,2047
2936,2788
1119,1341
1947,2804
107,1485
282,1977
2105,541
1746,2365
1383,2593
2626,1123
252,2304
2185,612
2468,2374
2322,2941
1330,1352
843,2885
784,1729
2250,1418
1318,13
1379,888
116,862
229,2667
934,560
2747,1215
2706,680
841,528
2717,2768
154,1641
2645,2022
742,964
2003,1359
273,2617
2363,1472
1637,459
2476,517
444,1480
2509,815
2570,254
248,689
485,37
2990,2191
1824,1339
2955,712
562,2641
218,1501
1106,2164
1569,71
1043,2147
1813,990
1127,2262
1684,2606
2461,840
2664,1234
1652,2638
52,1389
1334,1085
1230,1394
1366,1338
192,174
1528,2733
2624,2082
2755,1222
2803,2939
1001,118
1702,511
2657,731
1632,1469
2341,1909
146,1767
2095,2327
1777,105
214,1126
1705,1261
2452,2540
188,2387
96,2372
233,336
2556,2261
87,1334
2081,945
2423,1393
1385,1574
1493,2507
260,2931
536,812
2253,36
1520,1460
2886,1532
693,791
660,985
860,2535
394,2128
2718,1347
2005,599
932,264
651,454
1561,2291
721,2197
1192,1486
2720,589
2635,1315
2084,1840
2571,260
2052,1644
120,719
2824,353
115,2566
2210,2954
127,1825
650,1859
2337,2166
554,1052
689,2463
545,2112
322,410
371,2967
2881,240
286,1279
597,2440
1580,1205
2355,581
2819,2875
1255,2135
942,2691
1095,2061
2593,1534
334,1663
586,26
1484,1739
773,500
2741,1664
1243,1429
1790,286
445,1483
223,2303
161,1548
561,1646
1992,1672
197,299
867,171
2534,754
1840,871
347,265
2630,1059
2326,506
1140,1273
359,519
1273,2783
2597,507
37,1309
2157,1662
855,2117
70,2703
747,2010
1786,907
986,1916
2002,170
1163,1476
1524,2554
1997,853
227,2426
1077,1715
2404,176
802,1411
2746,1116
835,253
1005,737
2401,764
2189,1313
1712,1971
668,341
2851,580
2770,2496
1855,2272
886,1752
124,1709
779,628
2017,2400
2024,1923
2432,354
2642,577
2014,1170
2111,1177
2893,317
1821,2843
2586,1669
2484,2672
1680,850
26,2322
2512,2819
460,450
566,2761
1578,591
1572,2050
2634,543
196,2376
1270,2912
193,1097
1541,2636
2235,2495
1729,387
752,325
2583,1494
805,1716
818,465
1668,1621
236,2279
1333,394
1068,766
2507,460
2464,1259
686,978
872,1267
447,685
2373,921
1843,2605
1423,2585
2221,199
24,2146
2477,562
2004,1503
2196,2051
1719,1573
2676,407
1449,188
2836,2710
622,1265
2067,2240
459,1809
1432,2844
316,1179
2097,944
2870,1456
1522,2976
908,1955
1364,2451
1545,2243
827,640
2051,1764
2027,1188
916,809
2053,59
213,523
2494,398
726,1368
1274,1068
1837,2645
1955,762
1231,1298
1329,1218
1703,2921
378,1871
14,2855
466,216
2409,1796
1944,838
2811,1951
719,1054
1129,1366
426,2242
1176,1100
137,2317
2759,1443
2207,2933
2283,1722
2895,56
563,178
1718,1545
2453,1734
2703,237
2530,1868
432,492
1265,2695
2907,1337
919,535
2074,2607
1474,1889
2922,2187
2016,1505
2179,154
295,1450
148,1896
1443,163
2194,470
1739,538
50,172
2224,622
481,473
710,919
1807,2000
799,621
875,2579
599,2086
1669,6
2086,2203
1133,900
1872,60
2659,1773
31,1032
854,32
1590,2762
845,1950
2713,550
1072,1038
1540,2805
2384,2771
2317,2005
1972,1077
1728,1327
1579,1985
1347,2631
2242,2690
352,472
410,142
417,1237
1359,1598
2079,2749
1882,7
2506,2896
1639,2960
1125,2004
1621,2961
955,1080
519,4
961,1012
2424,1771
1010,2637
2156,772
1730,2087
576,966
1887,2808
1897,1799
42,1381
803,2880
1102,2024
1963,2519
2198,1579
2343,259
1217,555
1047,210
1362,80
1121,1828
744,35
278,2568
1650,65
275,1659
2296,2603
1537,1954
1759,2964
2627,1777
354,1786
1577,2544
1093,2586
2662,2608
1904,2947
1419,2360
433,1535
336,2183
2272,2613
455,2288
947,455
1441,1594
2982,1001
270,1913
209,1531
2567,1853
288,1392
1812,2441
329,547
2610,876
461,1554
735,133
1209,1302
1369,1814
1175,1382
304,2143
1358,1821
1558,824
1551,183
1546,664
831,571
655,92
292,424
1450,2528
1589,782
944,1036
1849,1827
871,2007
511,2195
706,1275
549,283
12,206
556,703
1959,1037
1798,787
2970,2110
1555,1336
1078,238
665,1239
1638,1073
836,1783
2996,1040
2789,2389
1337,0
2417,2277
1980,1525
1428,2309
332,215
2402,2405
1768,365
1706,1301
2306,1748
2809,2234
2979,1674
988,1165
2772,1353
1462,168
2065,2744
1396,38
2794,2640
627,1425
537,702
2699,1943
283,2493
2729,1542
861,175
2693,384
2901,147
1597,982
264,298
381,1390
1320,293
1051,166
90,566
1863,414
2044,1836
232,81
830,2352
2425,2299
2612,263
573,869
2059,2098
2256,2049
2397,23
2312,2704
2840,1658
385,2003
51,1728
418,1813
2133,2514
1038,1617
2900,420
1682,1880
149,1093
679,194
239,2462
1945,730
812,1207
2159,2076
1313,1369
2705,1034
2182,1328
1834,2816
225,674
1674,975
2933,205
884,1921
1312,421
1248,1902
1260,575
189,2300
143,12
187,887
1404,2633
1071,2348
2738,406
2547,2416
1738,2701
465,1936
284,1533
667,1167
2688,2385
94,653
1028,520
2436,2720
1382,197
182,2962
1982,2561
2251,1194
1869,2913
1794,2449
6,1625
2623,2034
1534,1200
200,2894
1261,2558
34,2891
2057,2479
2674,1017
897,514
2269,1193
605,369
915,774
891,1438
2673,899
2778,1740
2866,2157
25,2313
2998,169
2049,1988
325,1417
2783,2375
2261,351
866,1959
1390,1084
1934,2799
2149,1541
169,1441
2733,1798
2160,557
88,2096
139,416
583,2361
2655,1989
1923,1244
133,1523
59,1249
2781,617
2535,906
258,55
1238,666
2740,2908
170,2312
2266,9
2403,1804
1198,1228
285,2870
1871,2773
941,483
2092,1888
2449,1343
1990,1278
496,1181
2499,1675
2042,2848
1930,2100
40,2852
2419,19
1860,1340
2867,17
1370,1920
772,1071
452,1245
949,2735
2852,106
2030,573
1989,1726
2903,1559
629,1233
2932,1918
2622,1881
2130,2952
279,2861
1900,2231
557,2537
2108,1166
2163,738
723,244
945,2616
610,2
2680,733
141,213
2956,1326
1532,1300
2967,88
2310,1514
2600,1940
1,2884
876,439
2465,1736
1297,2269
2395,632
1420,1209
1107,2339
53,1502
725,2200
439,1650
79,2555
1902,2700
1868,1362
72,1763
732,313
859,361
1149,2186
18,2988
2813,1367
1636,2351
2629,1919
2172,2986
1179,2851
2280,600
1084,269
2550,2562
2885,635
1527,2268
1168,1552
1867,2066
100,2975
323,2018
1018,1099
1775,1308
2896,1107
1681,831
265,1714
1421,2366
2910,2850
2969,2673
1363,1697
184,227
1048,2469
1677,121
567,1975
463,372
2863,1186
2528,2417
2675,339
2739,796
1444,1448
1081,593
2951,2948
399,1615
2913,1845
276,1792
69,1653
234,1929
144,1577
970,1854
1941,335
1415,1795
1501,595
1757,2510
2947,1698
2166,289
1656,956
2127,1430
384,1271
920,2225
2617,2661
2995,2021
1931,234
2297,488
560,2175
1174,2909
2774,1926
728,2729
1131,151
1256,2970
953,1058
2430,279
2601,2656
2481,691
2723,1866
1588,2026
2474,333
517,1581
2874,1890
2501,2155
2060,1439
2548,2781
1303,1246
1169,1560
764,1180
1735,413
712,399
2908,2129
91,785
713,724
1429,1297
1344,629
2445,2508
1130,2119
926,2116
3,363
1417,1922
754,769
2175,501
2860,2439
2880,2487
1612,2499
2919,524
81,208
2608,613
7,2252
129,1610
291,274
937,2674
2121,700
1927,217
2519,662
2678,1731
914,659
2974,231
1889,2290
1353,350
1771,2790
2204,1039
73,2727
367,1556
2828,1948
2636,49
2520,1432
1515,1212
38,1635
1012,2548
2496,1470
166,814
1468,1652
2537,2063
2104,1163
2098,179
1098,3
1496,2236
5,120
501,400
2109,2256
2614,201
2022,611
2767,2171
2307,2546
1242,1171
1328,633
2559,761
142,2953
353,31
2941,2580
2356,1688
2502,710
2510,1695
771,429
585,1477
2411,992
1410,2425
1859,209
101,159
2405,1088
2126,428
1602,2422
570,893
607,375
2591,565
1324,124
2978,2016
2413,2212
2684,2478
2487,1401
1056,2402
68,162
266,1108
1295,1270
892,2578
2791,801
1714,1689
1372,1931
1820,349
1850,1947
2167,936
1276,967
2396,1421
2066,1810
992,2064
206,109
675,2406
1961,2628
2142,371
60,1184
631,1062
2508,1966
401,1654
1285,367
1806,1687
194,1565
2802,2513
2564,2060
2313,1746
1380,532
71,211
2607,898
2281,2971
1766,1446
2039,2184
1466,2489
2040,2649
1910,2945
1376,362
1648,920
1514,999
2605,734
1181,1046
614,2655
1737,2654
946,2131
2902,257
2679,204
1620,380
1144,2011
1962,2907
1741,42
263,748
1035,69
1447,1623
968,1677
1585,1990
2293,1306
2029,2040
1981,683
1290,1805
374,2305
1033,2421
894,2898
2724,868
2048,498
632,25
1956,360
1543,2845
1398,456
857,1787
2603,2132
1641,1380
1701,757
186,2483
1300,1904
456,858
441,2878
1811,1737
2288,2273
1769,2854
2660,1666
1799,1826
729,2137
160,2287
2285,409
2691,2926
530,2048
1395,54
810,1569
125,73
2274,2992
616,728
391,397
996,2938
2145,1487
48,29
2695,880
2244,1925
2345,2503
647,2686
2649,1041
1780,2459
796,2015
2804,2899
1196,1236
235,2072
1003,326
228,2071
2055,2223
2839,1819
2980,1021
980,1183
1592,2333
2480,2521
2177,527
2536,756
682,1238
393,1024
1020,1512
181,150
1975,2412
1866,2515
208,2994
1999,122
185,10
1686,1281
1583,2916
128,1648
2019,2923
1951,1757
2714,1149
454,2251
1142,1434
1533,2522
1431,1468
1858,2965
1371,1627
497,2860
2247,530
577,1665
1442,1800
175,1345
2459,883
1987,2472
1836,131
2394,2763
1473,1582
927,948
1460,437
1783,1061
2505,2237
2854,126
2457,1117
163,334
2656,1563
2827,1629
1831,2414
1659,1196
1412,2600
917,638
2393,1162
1021,2867
1793,859
2243,1863
1943,1031
2701,504
2858,2556
1139,663
929,295
1346,1721
2578,89
1064,2432
2582,1030
1143,419
1239,1678
2440,705
468,2265
1550,1406
2173,1255
2728,1595
1339,2796
1748,1322
109,2006
2311,2278
1172,2505
1894,2392
1709,1576
86,759
2366,1138
2668,1761
2785,2250
2497,534
21,1299
151,2719
2773,676
167,2168
1247,1911
240,2596
427,184
2277,1397
1080,1284
2751,1103
734,1628
2861,1365
2553,648
1918,714
365,1391
550,1994
351,160
2939,288
709,1274
138,445
684,1027
2036,2817
1317,2263
2692,1575
1717,1057
1045,2253
2864,2545
2150,2274
2831,570
99,2492
596,1790
1386,165
1802,342
267,917
1979,2154
349,977
2890,2517
2709,2471
2942,625
2362,673
320,834
1809,1507
2579,130
873,2289
520,2465
1109,1055
2239,2702
1742,2842
411,2145
1178,1897
2599,2534
280,976
2585,2859
2609,1321
2532,2085
1912,2682
978,750
711,2536
2446,915
97,2222
1499,235
2237,2442
2569,127
2241,652
1853,2915
2727,2320
1512,2755
900,243
2966,2905
2769,1067
1167,935
1416,1416
844,984
343,2956
287,2035
491,725
877,2806
1631,704
2810,222
1053,694
1765,2123
2426,2121
1061,43
202,997
2,386
738,192
2843,2311
1406,202
2771,692
424,1192
2976,1608
1480,440
2141,2415
2658,1158
683,1756
2265,1944
2934,1684
1308,1403
1249,1409
1960,1949
1022,2531
2704,2207
969,276
443,1910
1100,2209
2033,2306
1040,2818
825,1558
1692,1905
1030,373
1187,134
2671,1064
62,2343
159,1961
731,852
2135,2669
811,1005
1391,1435
606,2490
1708,241
1013,584
2561,318
1120,1782
123,742
134,545
1262,1762
678,601
543,2774
715,297
1591,2467
751,503
1062,113
2736,1517
856,408
2917,1499
327,2091
681,937
2632,2470
670,505
1027,2895
2188,2665
1323,2853
155,508
388,604
1548,1775
1518,1151
983,1997
195,401
317,1492
2478,1963
2371,2284
1058,1758
2289,2825
1688,2136
313,2951
2442,1491
58,923
2013,1044
226,311
989,1231
2467,765
2708,1332
1425,864
720,2897
1875,582
1839,2217
1634,1668
1430,2675
2884,1139
705,2775
2833,2158
140,2743
1085,1132
1635,2713
1983,1133
584,952
1259,792
1819,857
741,2778
230,955
1542,2106
1660,2139
135,1612
1651,1372
2335,953
493,2949
1818,1791
2711,1110
1567,2553
436,822
1841,338
2694,2869
2137,1433
2387,1885
1828,220
565,1130
61,230
274,1442
2324,1211
2259,938
1150,1227
63,272
256,1087
2369,1584
1609,2643
16,2716
1060,451
957,615
1257,2077
1796,1213
718,1387
1581,1288
1306,1287
2058,695
74,655
1342,2370
1000,1583
469,2525
2070,2538
883,2101
662,2572
2041,364
2987,2533
2964,2433
488,1
939,1377
311,2871
2125,1226
168,646
93,518
2882,2001
2190,1640
2606,2141
620,182
2856,1147
1352,776
492,2609
2454,2688
442,895
2381,2532
1810,643
205,994
1490,2712
1097,1144
2862,2523
2245,2520
2700,1424
2734,2959
1327,671
2339,2367
664,219
190,693
254,1860
847,1142
539,2220
2015,962
1057,690
238,665
1603,185
870,1143
2352,1378
2428,393
119,829
1136,1187
1024,2092
1661,2625
840,327
2557,2461
1531,1892
145,1379
1879,1168
2637,2177
974,2229
2254,85
806,1667
296,1016
2988,1682
2551,603
1666,164
1148,1277
350,1229
1487,2980
887,2955
1104,1781
778,2443
889,2826
1019,1020
2871,950
2178,340
2469,271
2513,961
1978,1045
2835,778
1576,2165
967,2172
2161,590
453,2569
1940,2180
2035,1458
178,886
2859,287
769,1473
2206,1838
1283,1526
2462,2734
2648,474
1670,2042
828,2296
319,1886
36,2620
1770,2570
2364,1855
1672,1065
2498,1806
78,107
76,2452
257,743
2950,2178
2220,1118
56,800
1525,152
45,606
1122,669
1949,845
2563,856
387,1063
1907,670
1690,412
1785,1386
1258,2706
1305,1867
1263,884
1994,807
765,1263
966,855
1928,870
899,2634
2485,1816
358,1440
1488,957
2438,2052
592,1837
777,426
972,874
1268,2832
2349,1414
1434,1590
1059,1779
727,2326
2258,435
2319,2486
1214,2189
2472,1958
1165,1074
2101,2812
1117,2036
1517,1626
2153,873
1236,322
1088,2822
2957,843
2238,510
2165,1942
924,370
1368,2124
2374,1622
1745,1551
1736,431
1755,780
2368,2152
210,1217
217,2707
2376,793
2152,658
2945,2192
1899,2475
2275,1524
2899,315
1939,2395
1216,2846
2100,2803
2647,487
1289,1157
2087,144
832,2722
478,2319
1124,2651
2565,2543
669,291
290,885
785,161
379,1639
1716,2840
1753,2205
2911,548
212,2081
1844,1592
380,1307
1211,1413
1099,2742
2865,1082
1751,1846
2820,1125
402,1026
2379,1467
2628,2887
1505,1844
1241,2120
2844,1497
2090,1605
1544,2099
613,2308
1827,554
1772,951
1791,2785
1223,1127
1365,2427
1749,2169
2287,2677
2336,2837
158,378
2943,2663
1212,1747
449,2429
527,64
935,21
618,1711
2514,1075
2072,2111
2284,2849
1218,1937
1074,1019
1857,352
1279,2292
2598,2491
2986,2982
2112,281
528,411
1626,2739
1658,1655
430,395
345,1578
1731,74
888,1842
1958,1484
2577,1400
714,2126
2191,62
1740,860
1253,1872
1388,2560
437,51
1599,1856
2753,1224
1803,1941
1343,540
1254,1884
1082,716
1549,1835
1177,2162
176,345
1341,359
716,2879
925,390
1116,927
1298,255
1509,1700
2611,1656
1049,546
2102,1933
173,2594
2342,1891
246,1396
659,1131
1354,389
646,2153
898,1152
1842,1292
1486,495
1070,1670
2147,329
879,2105
704,382
973,1749
2249,597
579,2927
2816,875
649,137
740,2079
2992,1520
215,2118
510,33
2056,1852
2340,1348
1725,2012
2391,1874
2592,2653
2663,458
2786,270
1846,2835
2707,639
1183,457
1408,1478
990,2227
2392,1364
1185,2798
2295,960
2260,2730
951,2746
1316,1402
2690,2393
1880,553
1606,1198
1830,1489
255,2161
2984,2410
2113,835
950,2464
829,2903
2470,2474
822,2811
591,1596
1948,794
2433,2125
211,301
1069,1011
321,641
1916,2384
800,841
1559,2349
1292,267
269,158
730,2163
1156,1161
1170,2888
2930,108
1823,531
2618,1953
406,468
1137,2127
1199,2622
47,848
242,2058
837,1900
1968,526
1507,377
1964,432
294,1282
412,2218
2344,1723
2754,2758
2875,119
490,1155
413,1324
2757,682
2294,302
1110,2456
114,513
216,827
308,1201
2076,2473
2796,2046
1087,1121
2214,2830
1888,2411
767,2068
297,2764
1455,1713
2667,1537
1954,2481
881,149
2236,1115
574,2150
2131,891
2938,2258
903,2752
905,1803
2855,321
515,1553
2653,1508
2043,1834
759,1293
2383,2977
450,303
1513,614
540,320
756,1102
1213,509
2921,2032
1154,1513
2262,567
2483,698
253,2874
2541,717
1654,1706
2546,1235
2838,1521
2525,1974
1335,823
2223,2276
407,2644
1519,1957
373,1290
2516,475
2845,1160
2710,1256
1627,1676
2912,2188
2124,2858
2808,1221
340,1452
1050,2681
1998,2689
2082,221
761,2341
1937,2997
542,2151
1004,618
1750,2185
979,1562
1971,1965
1411,2073
272,1431
1459,1606
2830,1785
2661,1788
1206,1092
839,713
2768,2541
821,2219
2615,148
1797,2511
2325,684
2122,1203
1623,799
1017,1750
1264,223
648,1474
1852,2484
580,187
2200,2310
2062,2680
2085,2731
477,1877
2075,1242
335,2354
2475,77
482,2583
547,942
1925,1254
1180,2900
1781,1405
1331,760
1157,576
1933,784
680,2906
2078,1408
1023,2582
2021,654
376,1506
1006,436
346,2627
2869,2705
548,911
642,744
2197,2282
2407,2721
522,817
1296,2940
2726,2390
984,444
2604,2890
1439,832
1141,1388
534,251
589,40
1464,1555
2193,8
2303,1112
2963,1883
1594,1260
2309,141
2186,878
2219,1208
1092,1202
1244,2435
2888,2408
1953,696
1173,2488
2654,1066
2437,2199
165,1095
2333,2987
1903,110
1042,2065
2576,1539
382,2784
2719,186
612,2950
2533,1604
1642,706
1645,1140
2181,2872
641,637
1693,282
1219,602
1161,2969
2091,2038
1604,1759
1510,2857
344,1776
1155,2108
1643,1150
2361,1680
544,2067
2099,779
2138,1427
404,496
2267,2017
2164,2747
1598,564
2375,70
1234,605
1044,1199
1226,1912
633,438
2587,2821
1711,1817
1166,112
708,1420
2946,104
575,292
640,2302
2302,1022
2837,1707
1275,1725
578,1090
1025,47
1103,1515
975,2254
1724,268
2463,1984
1995,2008
1679,2991
2001,2342
1848,250
355,2750
2466,1847
271,630
2358,2827
846,1899
261,1952
1808,2902
2199,688
2793,2639
1373,2795
486,2598
2316,2911
1878,1137
1007,1106
1427,910
2954,1591
1494,928
2500,1014
814,95
1915,404
1465,2711
745,1719
960,2591
906,1587
615,1190
110,1428
414,1128
1647,1482
2106,1111
1921,115
637,949
1299,2271
2879,2678
2737,189
1483,1056
2201,592
1224,726
2968,1399
1556,1412
910,1141
893,1585
2225,405
2878,1907
1565,1580
1874,763
183,1262
1864,280
852,2524
105,358
1800,1642
2906,2386
2997,140
1232,1069
312,266
2208,1174
674,1987
356,2448
198,2904
1458,2363
2314,2407
1649,2023
1046,916
222,1903
1727,98
1700,1305
2923,1461
535,346
33,443
2158,180
2359,1865
2346,1344
904,79
609,1730
1946,415
739,2506
473,2080
2117,2094
940,2211
1991,634
1356,114
2817,1636
2651,45
2455,2801
645,609
1885,2181
1732,1588
1862,200
2929,2445
281,2224
113,87
171,968
2750,1395
2129,1983
1969,1083
1089,1873
868,1701
1014,68
2486,1509
41,529
1186,1317
2916,1025
1402,91
333,379
1332,2170
1752,357
2977,2399
780,1607
2841,711
95,753
1197,2133
1152,1164
251,1109
2451,830
1976,610
688,849
736,2114
2643,2724
991,2717
2421,1571
2588,2787
1112,310
1593,1153
724,319
2887,1967
499,1962
2558,484
634,563
1011,2107
2595,485
2580,2437
2756,16
1055,2814
2233,1976
2891,2069
691,972
902,1518
1854,2881
245,981