412,0
211,1
262,2
98,3
360,4
115,5
148,6
144,7
482,8
233,9
8,10
351,11
476,12
166,13
112,14
244,15
474,16
193,17
415,18
225,19
311,20
61,21
66,22
372,23
276,24
30,25
183,26
194,27
175,28
387,29
22,30
137,31
254,32
277,33
125,34
307,35
28,36
132,37
167,38
143,39
126,40
52,41
119,42
111,43
177,44
354,45
264,46
44,47
220,48
416,49
480,50
173,51
230,52
363,53
405,54
291,55
36,56
217,57
400,58
485,59
56,60
428,61
236,62
407,63
472,64
248,65
152,66
425,67
479,68
45,69
51,70
141,71
273,72
128,73
91,74
4,75
298,76
313,77
312,78
317,79
158,80
269,81
356,82
289,83
308,84
53,85
43,86
139,87
67,88
239,89
436,90
278,91
29,92
263,93
443,94
341,95
121,96
208,97
402,98
13,99
122,100
181,101
184,102
241,103
493,104
127,105
209,106
429,107
421,108
388,109
359,110
97,111
280,112
315,113
484,114
54,115
431,116
457,117
347,118
210,119
270,120
245,121
65,122
250,123
79,124
229,125
253,126
348,127
216,128
129,129
419,130
336,131
451,132
249,133
255,134
393,135
246,136
162,137
260,138
23,139
293,140
60,141
282,142
164,143
169,144
462,145
39,146
358,147
498,148
468,149
105,150
78,151
383,152
88,153
432,154
496,155
394,156
398,157
123,158
191,159
24,160
463,161
455,162
309,163
185,164
92,165
1,166
86,167
396,168
231,169
261,170
113,171
470,172
256,173
434,174
338,175
75,176
47,177
174,178
281,179
370,180
471,181
247,182
369,183
487,184
319,185
325,186
252,187
274,188
267,189
266,190
77,191
42,192
107,193
76,194
375,195
440,196
18,197
73,198
199,199
497,200
433,201
259,202
377,203
198,204
411,205
203,206
376,207
404,208
257,209
389,210
473,211
380,212
237,213
223,214
437,215
331,216
2,217
299,218
95,219
153,220
224,221
458,222
391,223
40,224
124,225
427,226
3,227
58,228
31,229
460,230
228,231
367,232
12,233
189,234
324,235
133,236
345,237
481,238
202,239
395,240
275,241
403,242
7,243
303,244
287,245
145,246
339,247
108,248
406,249
426,250
334,251
188,252
447,253
322,254
361,255
381,256
469,257
82,258
392,259
408,260
409,261
346,262
134,263
446,264
290,265
17,266
64,267
330,268
205,269
304,270
424,271
110,272
265,273
206,274
492,275
90,276
410,277
215,278
11,279
357,280
337,281
222,282
272,283
186,284
342,285
156,286
171,287
435,288
32,289
438,290
120,291
19,292
300,293
180,294
83,295
81,296
441,297
448,298
323,299
464,300
310,301
333,302
362,303
378,304
423,305
332,306
297,307
114,308
292,309
25,310
179,311
71,312
104,313
87,314
422,315
6,316
161,317
99,318
417,319
33,320
131,321
48,322
221,323
327,324
374,325
140,326
459,327
453,328
353,329
204,330
176,331
170,332
305,333
213,334
258,335
490,336
284,337
142,338
397,339
27,340
489,341
495,342
163,343
302,344
232,345
234,346
461,347
365,348
467,349
10,350
93,351
439,352
444,353
366,354
214,355
69,356
368,357
456,358
385,359
151,360
154,361
50,362
373,363
226,364
477,365
37,366
335,367
46,368
238,369
74,370
288,371
135,372
146,373
155,374
499,375
382,376
413,377
26,378
352,379
379,380
59,381
149,382
130,383
488,384
478,385
34,386
55,387
494,388
192,389
157,390
340,391
100,392
329,393
465,394
452,395
117,396
201,397
63,398
449,399
15,400
294,401
20,402
160,403
200,404
101,405
190,406
386,407
106,408
159,409
286,410
0,411
49,412
219,413
475,414
138,415
5,416
172,417
70,418
16,419
328,420
150,421
306,422
9,423
491,424
197,425
118,426
320,427
109,428
271,429
240,430
371,431
390,432
414,433
285,434
283,435
364,436
165,437
326,438
445,439
102,440
21,441
68,442
418,443
35,444
316,445
450,446
116,447
442,448
227,449
85,450
430,451
14,452
207,453
296,454
483,455
62,456
72,457
57,458
178,459
212,460
195,461
147,462
218,463
196,464
399,465
84,466
314,467
344,468
182,469
41,470
187,471
279,472
295,473
466,474
80,475
401,476
103,477
38,478
94,479
454,480
242,481
136,482
349,483
243,484
384,485
486,486
235,487
268,488
318,489
343,490
355,491
321,492
89,493
251,494
301,495
420,496
168,497
96,498
350,499
